"baseMean"	"log2FoldChange"	"lfcSE"	"stat"	"pvalue"	"padj"	"Ensembl"
672.030289545046	1.02873693024635	0.345819119117571	2.97478327072079	0.00293195613878638	0.0290328812320714	"ENSG00000187608"
583.006326539166	-0.652018335988107	0.236334011192455	-2.75888490487789	0.00579989581584622	0.0469854194972323	"ENSG00000197530"
21.8839551008984	-1.79304844355477	0.485140522352252	-3.69593625133807	0.000219077943355078	0.0043118874363526	"ENSG00000177133"
286.485189432265	-2.52396707955338	0.820233740999376	-3.07713149727073	0.00209003078944775	0.0228600323951379	"ENSG00000235169"
307.509202940419	2.17695107130986	0.532437160228834	4.08865352368389	4.33884348387541e-05	0.00117175070085751	"ENSG00000171729"
305.564363739668	2.44007074670852	0.710040358080812	3.43652402140049	0.000589230100271207	0.00907887042464903	"ENSG00000117122"
230.471846591419	0.740368519481289	0.173816360670558	4.25948694717262	2.04896663148023e-05	0.000632284993758719	"ENSG00000162542"
47.7694187562753	-2.2454464232393	0.700550155396575	-3.20526147334615	0.00134939837342279	0.016702553199922	"ENSG00000127472"
1299.88093294967	0.581087978777413	0.17743792842773	3.27488031407044	0.00105706747882755	0.0138782931221436	"ENSG00000183726"
62.7758639814843	-2.74914228448401	0.890047960248531	-3.08875746843614	0.00200995448638743	0.0222573488850457	"ENSG00000158008"
94.6661479744769	1.5260529606321	0.413877974940704	3.6872050532545	0.000226730652288412	0.00443119204647878	"ENSG00000233621"
478.193123790253	0.602748987589746	0.194842666899206	3.0935164108668	0.00197799613056813	0.0220513068895213	"ENSG00000084073"
541.641953943407	-3.1843684507951	0.738486187600868	-4.31202167929533	1.61768567842382e-05	0.000517845357978198	"ENSG00000179862"
297.846771259062	-0.903845753810667	0.200461219980108	-4.50883095443775	6.51858213031739e-06	0.000247417393293818	"ENSG00000010803"
140.904741620645	1.4624524231164	0.41125241539278	3.5560944285753	0.000376408833091734	0.00657240501668012	"ENSG00000127124"
4692.777443852	1.812082568504	0.329712812891768	5.49594221896021	3.88629751910001e-08	3.09238245448387e-06	"ENSG00000117450"
13.7201451329004	-2.02984438505357	0.569686971781423	-3.56308724896095	0.000366518793006267	0.00643315480007898	"ENSG00000224805"
1088.39948993601	0.663905099007868	0.233220199646437	2.84668780840747	0.00441766622946856	0.0386893095882703	"ENSG00000117862"
434.270452723039	0.533454070582862	0.166702216602094	3.20004185580913	0.0013740763133152	0.0169344414045288	"ENSG00000058799"
1261.28015977574	-1.11816598491848	0.395068914516446	-2.83030616642437	0.00465034796455107	0.0401836082508837	"ENSG00000157216"
632.206253374806	-1.58010995451797	0.390574258039642	-4.04560700556357	5.21877202564659e-05	0.00135993264013341	"ENSG00000162599"
71.0466297938595	-0.949210782563166	0.282888677344351	-3.3554216148698	0.000792441101865734	0.0111814995247426	"ENSG00000132849"
9.9186857729546	-2.75760278576997	0.795279523953569	-3.46746358068056	0.000525394931787181	0.00838524289413925	"ENSG00000137975"
2668.00903926425	2.2629008038206	0.318449599422995	7.10599356356798	1.19459981539443e-12	3.36907390974531e-10	"ENSG00000162645"
1335.44904949147	2.93599121259293	0.317005037458058	9.261654755191	2.01288116230031e-20	3.20335659257507e-17	"ENSG00000162654"
284.315071533858	0.997977024836617	0.241171485233342	4.13803905495312	3.50286755856924e-05	0.000984160015194484	"ENSG00000171488"
459.595599406452	1.39716357938792	0.234027517287882	5.97008247397351	2.37133685095986e-09	2.7954171978511e-07	"ENSG00000188641"
274.251392957324	0.589082897943044	0.124263472386144	4.74059582137294	2.13090643899512e-06	9.82952286973318e-05	"ENSG00000156875"
187.945748802144	0.770739867673091	0.230424794193919	3.34486516682948	0.000823225804171165	0.0115137921638001	"ENSG00000162695"
308.276335458129	-0.77879069868699	0.277461327045742	-2.80684413564633	0.00500294422182897	0.0422538276202993	"ENSG00000121957"
92.0586273997961	-1.31362742197089	0.377358523773485	-3.48111236188588	0.000499335972643352	0.00813246013924991	"ENSG00000121933"
21.1707440552303	-1.50925875357229	0.510025985051318	-2.95918011593161	0.00308458756221686	0.0301027642953095	"ENSG00000231246"
210.212046904075	1.4407272355271	0.451886562827486	3.18824978222934	0.00143136831701857	0.017455329011042	"ENSG00000143079"
159.898602732395	0.490439338628549	0.155484565583643	3.15426381253718	0.00160903561465505	0.0190182034453658	"ENSG00000196505"
1028.92005535816	0.883635557916423	0.134126004965927	6.58810018341261	4.45490023272239e-11	9.03676755893739e-09	"ENSG00000265808"
271.237907271996	-0.8147181905034	0.272396559237864	-2.99092687801525	0.00278132084797773	0.028146953456324	"ENSG00000143458"
145.974053028509	-1.12007619629599	0.368936654373075	-3.03595802428281	0.0023977274198619	0.0252463926817218	"ENSG00000143434"
258.46972569578	0.582399318087483	0.156067254167986	3.73172015611043	0.000190176701726437	0.00386600083436589	"ENSG00000143376"
307.487439230339	1.63215953611111	0.344849008033672	4.73296862710342	2.21259698675524e-06	0.000101502304049726	"ENSG00000132718"
955.237414916648	0.971469742387076	0.343677829893891	2.82668725732764	0.00470322364719152	0.0405525630260941	"ENSG00000198715"
517.118262729482	1.06357403139523	0.245919465665395	4.32488753388215	1.52609700498069e-05	0.000492774511173475	"ENSG00000132694"
3108.94316218961	1.4191617934099	0.438178873238739	3.23877274803405	0.00120045180441793	0.0153448457845275	"ENSG00000162734"
344.57340294701	-0.60048331821473	0.198859750958131	-3.01963225500146	0.00253081770329981	0.0262507534588081	"ENSG00000143258"
463.22587426665	3.82340313012648	0.421362043751748	9.07391443254698	1.14816284676637e-19	1.59881676412216e-16	"ENSG00000158859"
4427.60582505104	1.75388177146785	0.415710639881946	4.21899658850666	2.45391985874573e-05	0.000734856645871704	"ENSG00000203747"
204.988162122946	-1.0524402474453	0.306786441283026	-3.43053051185653	0.000602402220217549	0.00923075754226066	"ENSG00000185630"
735.762257831777	-0.750489918674036	0.215838140724471	-3.4770959208367	0.000506876444618405	0.00823120057295777	"ENSG00000143164"
572.653314018773	-0.627268893890711	0.217631342631978	-2.88225439545922	0.00394840813528398	0.0358770527137549	"ENSG00000116199"
407.847778311418	1.30548642639377	0.442265153595445	2.95181841883917	0.00315908642959188	0.0305223094758487	"ENSG00000143322"
694.816230840824	1.46285802607283	0.391417597204135	3.73733331490946	0.000185982304753475	0.00380503741956604	"ENSG00000057252"
516.40766779274	0.662793480865779	0.175600268809805	3.77444456866783	0.000160364559680289	0.00338275212705411	"ENSG00000135823"
46.7021480911058	3.768639602075	0.985298883606341	3.8248694530955	0.000130841399569261	0.00288057942925211	"ENSG00000058085"
217.625319123708	2.43207227385084	0.799255927700184	3.04292053341287	0.00234294195506357	0.0248338471735568	"ENSG00000143341"
1497.44102810441	1.42223251351238	0.281847470189102	5.04610707542683	4.50902775494596e-07	2.60262016529005e-05	"ENSG00000081237"
628.486639452571	0.537714043527277	0.176410879521881	3.04807756179563	0.00230310474545159	0.0244931616843253	"ENSG00000158615"
3313.49432809668	-0.796061670544521	0.243846342546469	-3.26460369358552	0.00109617331209364	0.0142906620207409	"ENSG00000069275"
369.536731149563	1.27838433494528	0.247821968271401	5.1584786605571	2.48964476594566e-07	1.54510544248661e-05	"ENSG00000117280"
422.738930807681	4.3734986220942	0.691193948309839	6.32745502588473	2.49237579857874e-10	4.05329436440397e-08	"ENSG00000117594"
990.440602983424	-0.713574367838788	0.241842859057088	-2.95057034398666	0.00317187807856967	0.0305928327231742	"ENSG00000066027"
12.6728404690786	2.38001677118328	0.721970280645125	3.29655781544995	0.000978774670574237	0.0131034660626976	"ENSG00000117707"
572.526237974682	1.59114341187541	0.472439395585891	3.36793126640543	0.000757344745603596	0.0108772251692454	"ENSG00000077585"
318.520544509266	0.606205607394449	0.18784205164728	3.22720925414906	0.00125004007066167	0.0157706074599898	"ENSG00000121644"
157.977593530187	0.722167779312758	0.240890931464443	2.99790355295859	0.00271843687838598	0.0277447428540722	"ENSG00000138101"
189.68308552023	-2.08442632086542	0.676189686207966	-3.08260590686434	0.00205196700295045	0.0225749876399949	"ENSG00000205221"
237.170996535053	1.93134426937044	0.296501208318526	6.5137821202254	7.32817717931766e-11	1.38365921656947e-08	"ENSG00000183023"
324.067628736338	0.633307455541013	0.170150404229906	3.72204496608362	0.000197615819536254	0.00398811635803238	"ENSG00000151665"
102.442118248015	-1.12201872374194	0.40396018713119	-2.77754778685047	0.0054770785631685	0.045079168964682	"ENSG00000143995"
56.4538989905694	-1.17006228281993	0.330393180143262	-3.54142383421045	0.000397973739997519	0.00686289081048353	"ENSG00000225439"
83.095075458345	2.88020595119114	0.63633686953677	4.52622830622375	6.00457097619539e-06	0.000231056720811111	"ENSG00000115363"
141.846580322254	0.763559066618027	0.243289736268689	3.13847628070406	0.00169828679247134	0.0197896599039025	"ENSG00000158158"
595.066431245936	1.11886346384813	0.201966356571679	5.53985070999207	3.02729607772463e-08	2.5261481877043e-06	"ENSG00000071073"
23.7528862468145	1.95019998658093	0.464307053874605	4.20023768819936	2.66634918702648e-05	0.000780166749571886	"ENSG00000226791"
20.1986087065924	-1.77080700913411	0.582783892113998	-3.03853114867444	0.0023773452654674	0.02511486605719	"ENSG00000115602"
1045.10528028126	0.410137118846579	0.114754911558402	3.57402670854614	0.00035153304854142	0.00622679707684164	"ENSG00000144224"
429.474628934965	0.746569933287108	0.250317919913057	2.9824869651618	0.0028591682323475	0.0285632881505387	"ENSG00000162980"
576.098851351396	1.8041306844232	0.406719612400922	4.43580941123829	9.17269765810688e-06	0.000323879086882126	"ENSG00000157827"
451.993725205958	2.36447616693853	0.831632835667799	2.84317317153533	0.00446667939973083	0.0390418270011781	"ENSG00000153234"
592.47336291025	-0.738448101499151	0.244390883814593	-3.02158611636011	0.00251454103172731	0.0261549832805249	"ENSG00000144283"
93.8694846201911	-0.837788469794003	0.279799154348403	-2.99424947064278	0.0027512089316321	0.0279766932892575	"ENSG00000224152"
431.353992288402	0.720929354501481	0.215431248644921	3.34644745846381	0.000818541904124377	0.0114698827823215	"ENSG00000136560"
1939.47535642777	0.804504631957374	0.155506665113963	5.17344148154545	2.29821122486367e-07	1.4464448048012e-05	"ENSG00000115935"
338.36774122179	1.94807320612159	0.539071385206874	3.61375739759215	0.000301791461213468	0.0055523647859918	"ENSG00000128656"
531.222441792029	-2.53160821457396	0.638020554959393	-3.96791011652452	7.25056683002986e-05	0.00178303122486827	"ENSG00000162998"
63265.3582545966	2.96839536082437	0.802449623855407	3.69916724063322	0.000216308037437707	0.00427246726428379	"ENSG00000168542"
5481.97537666839	2.86381685444946	0.328870571805034	8.70803623057897	3.09184493406842e-18	3.13119568777474e-15	"ENSG00000115415"
352.07324405841	0.832328195877548	0.222527250853728	3.74034277907228	0.000183769466659017	0.00376789822943065	"ENSG00000115520"
1721.33371635307	0.525552493141539	0.174881569472428	3.00519085417059	0.00265414250549155	0.0272633909738828	"ENSG00000082153"
165.42851359523	1.41825253793622	0.447612659195226	3.16848174152655	0.00153237373817209	0.0182867096338908	"ENSG00000178562"
2926.08527416925	-1.15791621149879	0.381769670913415	-3.03302304954813	0.00242117106139241	0.0253972181016115	"ENSG00000079308"
2797.53531881604	-0.558125650929334	0.17430786030562	-3.2019534285531	0.00136499064091801	0.0168487487421902	"ENSG00000144579"
233.366287250338	-0.527371464150346	0.168748394501255	-3.1251939653057	0.00177687852707325	0.0203915042752315	"ENSG00000115568"
637.62888154195	0.712521159014585	0.20178015837973	3.53117553646525	0.000413717091681846	0.00707414950320148	"ENSG00000123992"
37.5670547976054	3.29754942076658	0.707219266231573	4.66269738144666	3.12091513726169e-06	0.000135543838709923	"ENSG00000171951"
27.4674777936845	1.79003728419637	0.480996802583431	3.72151597387361	0.000198030336064408	0.00398925487117089	"ENSG00000235831"
1063.8623227344	2.11135023195209	0.54691095746852	3.86050087883568	0.000113154833775439	0.00257254050664978	"ENSG00000134107"
378.01042506389	0.92497464461134	0.18624833901914	4.96635110671393	6.82243885490178e-07	3.77180986816902e-05	"ENSG00000154813"
298.509727225577	0.724090493836397	0.178524824770281	4.0559652965246	4.99276727150517e-05	0.00131332768369699	"ENSG00000154814"
585.667531139648	0.372738722950987	0.126055579642813	2.9569395024573	0.00310709073543	0.030190135885469	"ENSG00000144566"
90.5911735840968	-1.79351056674135	0.416396510362421	-4.30721805324527	1.65320619181496e-05	0.000525441283218791	"ENSG00000151090"
317.879798152604	0.71327662854833	0.16314352050821	4.3720806460863	1.2306804649286e-05	0.000411705116495634	"ENSG00000168016"
567.650486872608	-0.664242486481835	0.177174849342359	-3.7490788842061	0.000177485256361076	0.00366824815558885	"ENSG00000178149"
284.728085935464	1.41209838043325	0.480374309459593	2.9395793085226	0.00328658147859055	0.0313543683703449	"ENSG00000001617"
130.839878885672	-0.823268512656651	0.29086559941707	-2.83040866402414	0.00464885824708345	0.0401836082508837	"ENSG00000179564"
174.750287221914	-1.27664298748531	0.338407765846066	-3.77249908640106	0.000161620558459406	0.00340028899195049	"ENSG00000243477"
288.943257693225	1.45798413754353	0.464431299802691	3.13928914386894	0.00169358248140326	0.0197555066417093	"ENSG00000114737"
246.88948864177	4.39535423718228	0.5371232609383	8.18313887487211	2.76544143844756e-16	1.46700083925266e-13	"ENSG00000114251"
351.773765966814	0.713339528305504	0.176395497611403	4.04397809448052	5.2551831436812e-05	0.00136622497597686	"ENSG00000163947"
97.2102145694076	1.49097472578642	0.387026943653273	3.85237966047692	0.000116975468083965	0.00262988237024292	"ENSG00000114405"
2706.06543295647	0.772319753226584	0.21598996383806	3.57572055433852	0.000349264577272979	0.00620543443512118	"ENSG00000144746"
328.320412402569	1.80835096155804	0.603026685465037	2.99879094100701	0.00271053225226085	0.0277403117043509	"ENSG00000168386"
1368.96352152086	0.980590648308616	0.188561199525968	5.20038401735757	1.98877191055796e-07	1.27694058118822e-05	"ENSG00000114573"
228.354268883693	0.875384101034675	0.284055425653836	3.08173694982141	0.00205796611969531	0.0226092135832404	"ENSG00000144843"
841.103315813239	2.40390494623959	0.516451531538814	4.65465740623701	3.24519841229507e-06	0.000139332864925386	"ENSG00000114013"
594.114080531167	1.32337714441896	0.442480311113755	2.99081588757683	0.00278233190556027	0.028146953456324	"ENSG00000173706"
218.921514808595	0.494856797034227	0.167374444945744	2.95658514174394	0.00311066336654665	0.0301985097196772	"ENSG00000144909"
3.0354164308453	-5.29241943540651	1.49165415604694	-3.54802044022862	0.000388138098681492	0.00674023136291789	"ENSG00000246022"
511.424514735664	1.39148598632834	0.41930227515113	3.31857485349157	0.000904780688843045	0.0123671863481123	"ENSG00000114554"
178.318054636665	-0.868974945511273	0.257407044775158	-3.37587864493107	0.000735803665162636	0.0106660414182326	"ENSG00000179348"
497.292229944991	-2.80179139294037	0.730537033631579	-3.83524895242115	0.00012543717389637	0.00278360581116647	"ENSG00000163710"
694.074974213514	1.03917526019372	0.226265027616936	4.59273477275079	4.37474916715421e-06	0.000175937565783747	"ENSG00000188313"
907.781332094799	1.20217605818002	0.260662909257625	4.6119950920668	3.98822413871602e-06	0.000163341238622414	"ENSG00000082996"
92.7543484758878	2.07493837061939	0.444110192042868	4.67212508921458	2.98099310618822e-06	0.000130484334785606	"ENSG00000174944"
84.6657630837534	-1.17488593445339	0.351055698020699	-3.34672230383258	0.000817730831646039	0.0114657287155908	"ENSG00000169860"
38.8833560921042	-2.02884355035693	0.606375612782237	-3.34585281398104	0.000820299263187022	0.0114872832079239	"ENSG00000197415"
310.445825277624	0.385153026723254	0.125769214636188	3.0623791985772	0.00219585086731162	0.0237273537435756	"ENSG00000168827"
20.3113669364079	7.58945604264199	1.33545611828244	5.68304412158669	1.32318114938989e-08	1.28735703093479e-06	"ENSG00000231574"
417.985149675162	1.25066522869487	0.260404773894052	4.80277381244827	1.56482617947383e-06	7.69631948756667e-05	"ENSG00000172578"
88.7921532650172	0.914356173067358	0.282682710025697	3.23456702740766	0.00121827321509691	0.0154838147360862	"ENSG00000114473"
2362.22045047294	-0.562883141134402	0.195221543152051	-2.88330443477743	0.00393526915647995	0.0357809411371045	"ENSG00000087274"
27.688508903262	-1.00607115746208	0.340593290129095	-2.953878384042	0.00313807645005092	0.0303851991773727	"ENSG00000125388"
1882.52471535073	-4.12496041705797	0.783494351095024	-5.26482470651238	1.40323182057251e-07	9.24755116064899e-06	"ENSG00000163993"
477.883812351624	-0.906845908959891	0.319422653480578	-2.83901563986923	0.00452529388513009	0.0394149913059806	"ENSG00000170871"
412.993189152708	0.998783111823756	0.239414526381454	4.1717732291332	3.02238354236309e-05	0.000868657200116462	"ENSG00000125089"
143.721505388816	1.28910049203758	0.319261935114291	4.03775192171313	5.39658780032085e-05	0.00139484891173026	"ENSG00000109667"
38.7514973247911	-2.58864622576317	0.734135863253837	-3.52611329228595	0.000421706529133281	0.00717223012907596	"ENSG00000163145"
217.885590998899	0.907423483121232	0.319751879620913	2.83789882391635	0.00454115747125324	0.0395127339304476	"ENSG00000047365"
434.352716264874	1.32306422578085	0.272906150909009	4.8480557194256	1.24677386009981e-06	6.31320945523265e-05	"ENSG00000174125"
688.26989578616	1.02312611620679	0.36324659298197	2.81661586364163	0.00485325340823726	0.0413659089271332	"ENSG00000163694"
501.954300881648	-0.966724832541771	0.283960502996382	-3.40443414608999	0.000663012848121278	0.00996084036152534	"ENSG00000226950"
1108.24864680965	1.08340831768757	0.216616855638958	5.00149591079522	5.68871738995741e-07	3.20872464425952e-05	"ENSG00000134851"
142.336516326429	-1.65524564267608	0.371351528521886	-4.45735513534725	8.29770745380731e-06	0.000299761629058231	"ENSG00000118804"
9.0218651578881	-3.77938324871561	0.979492030385144	-3.85851352688345	0.000114078754842701	0.00258300270111319	"ENSG00000249307"
143.029760384928	-1.4640497552135	0.497350842390559	-2.94369614048792	0.00324318245222484	0.0311103784482496	"ENSG00000118777"
252.096036878486	1.46752401681179	0.484631369329564	3.02812428102199	0.00246076862502587	0.0257519609983919	"ENSG00000185477"
31.0087443977827	2.59311685684475	0.866651805203379	2.99210921996085	0.00277057121683292	0.0280838611060225	"ENSG00000155011"
4315.62741028077	1.15352294604355	0.371329196792013	3.10646982787529	0.00189335629166993	0.0213265814855441	"ENSG00000164111"
59.4704496998506	0.888999791555638	0.237683850060329	3.74026165988977	0.00018382878704628	0.00376789822943065	"ENSG00000181004"
1015.50572352415	-0.450652561872493	0.14764620529855	-3.05224615127252	0.00227135756278271	0.0242597538345153	"ENSG00000164040"
138.71123300682	1.54612076519891	0.359105623675433	4.30547633694627	1.66626802203513e-05	0.000527335959246345	"ENSG00000164136"
88.2771101896988	1.06716019235503	0.328036387205987	3.25317627548714	0.00114122677589646	0.0147656983548043	"ENSG00000109452"
331.931369340786	-1.04541949361503	0.361947754277176	-2.88831601042194	0.00387310543087122	0.0354137017807812	"ENSG00000109458"
9.50065611077479	-3.72291757164902	0.922118440219722	-4.03735291397266	5.40577163637164e-05	0.00139560361597173	"ENSG00000248890"
191.589206612621	1.12353323277995	0.323519968677717	3.47284044744449	0.000514981405706081	0.00829030760052852	"ENSG00000164116"
946.479045104809	1.56062472470498	0.509693807273084	3.06188676894955	0.00219946637067624	0.0237308042317998	"ENSG00000164125"
116.444383374098	1.03710550368822	0.257130406838091	4.03338335765657	5.49794769976751e-05	0.00141285207325052	"ENSG00000164124"
29.6253924528164	-4.46600021327188	0.746856866413751	-5.97972705897004	2.23511809407139e-09	2.70643647477774e-07	"ENSG00000164128"
256.718679283513	1.23877279618057	0.388955286532997	3.1848719867585	0.00144818054389621	0.0176121520294801	"ENSG00000052802"
215.206442874819	1.34758791168327	0.32637316373605	4.12897891559833	3.64377811886145e-05	0.00101479220610291	"ENSG00000137628"
48.6520512841077	-1.4951499784368	0.395184549113176	-3.78342215502105	0.000154686719484421	0.00329485670182878	"ENSG00000173320"
106.928535200735	-0.882086034175746	0.308817872939392	-2.8563309039722	0.00428568220012694	0.0378608245118272	"ENSG00000066230"
104.84465362485	3.67834196804308	0.776992797238769	4.73407473159976	2.20056641649461e-06	0.000101298801155991	"ENSG00000151388"
278.733740194423	-0.583691422065166	0.195454565992914	-2.9863278921114	0.00282349720975549	0.0284392033604667	"ENSG00000152620"
15.1175878044143	-2.41757719891424	0.758116182441896	-3.18892704694314	0.00142801911206535	0.0174240229007754	"ENSG00000039537"
239.039869679375	-2.56705744846853	0.555751972422634	-4.61907033326074	3.85463192536035e-06	0.000158745285207077	"ENSG00000112964"
312.240814987861	-1.49696544964954	0.504874789179627	-2.96502317353172	0.00302660129966531	0.029692944498698	"ENSG00000183323"
1457.06003375323	2.039285597593	0.368161125150634	5.53911170485104	3.04009695418197e-08	2.52736418429755e-06	"ENSG00000145685"
529.210058042732	-3.53562090517233	0.914389013311487	-3.86664849828846	0.000110341286404941	0.00252235496131975	"ENSG00000113296"
1012.94637118565	0.635010244300676	0.148742089910634	4.26920345601032	1.96172269233716e-05	0.000607044188684332	"ENSG00000174695"
7.39347866156411	1.93751128194245	0.701780275508288	2.76085172177166	0.00576508441702782	0.0468097962140597	"ENSG00000080709"
528.646833694419	0.895505174667995	0.299987634721988	2.98514028919192	0.00283448294113677	0.0284738281555963	"ENSG00000134970"
37.5728127114371	2.80389012854392	0.491973947649196	5.69926546302253	1.20324736158544e-08	1.17580487790016e-06	"ENSG00000184838"
573.681325664629	0.861719046672082	0.263466962634687	3.27069108800144	0.00107285032891121	0.0140523840847394	"ENSG00000158985"
5893.64677370122	2.59023875323456	0.488537096535648	5.30203084188011	1.14521487328834e-07	7.73617859369005e-06	"ENSG00000170458"
51.8593458684578	3.61379406646825	0.610069486086005	5.92357780365823	3.1501158432566e-09	3.63650678693042e-07	"ENSG00000183876"
82883.1348516482	2.07554393857393	0.427488095660929	4.85520874064336	1.20259994662575e-06	6.13133336632074e-05	"ENSG00000019582"
472.097794030873	1.49246910338424	0.280242209711399	5.32563993454527	1.00598234265603e-07	6.96064801067588e-06	"ENSG00000135074"
26.1854425781682	-3.04740271210144	0.665830655576314	-4.57684350604695	4.72044310776879e-06	0.000187471430376272	"ENSG00000204767"
1871.00415115956	1.08828174099876	0.30207469331388	3.60269087443202	0.000314939980748697	0.00573741845550366	"ENSG00000043462"
175.268918066049	1.14048953333714	0.276501340318743	4.12471611176429	3.71192314491357e-05	0.00103119261432262	"ENSG00000145936"
5141.90043879842	1.00361442522611	0.238207551844675	4.21319314796755	2.51785573341478e-05	0.000749028952521307	"ENSG00000161011"
3654.60771417315	0.853285536697739	0.270897218053168	3.14984975788961	0.00163354445493067	0.0192466263648098	"ENSG00000131446"
413.750915434671	-2.52341719949563	0.696037135659219	-3.6254059880091	0.000288507841098953	0.00534968702827282	"ENSG00000165810"
356.505408440376	1.96272534522518	0.323011892582919	6.07632533133849	1.22967809472299e-09	1.67170356831292e-07	"ENSG00000170542"
266.547852408823	-0.980625261780543	0.237028349748524	-4.13716444813855	3.5162411189313e-05	0.000985432102261501	"ENSG00000145990"
435.259150185115	0.640306529718766	0.198803988042016	3.22079318440755	0.00127836362731817	0.0160461642910697	"ENSG00000124788"
456.144938699742	1.1604969886047	0.279169964494874	4.15695503169365	3.22517442177018e-05	0.000913026098871487	"ENSG00000137364"
568.647632532588	1.24122080563192	0.367804867495453	3.37467204848033	0.000739037039470209	0.01069924923308	"ENSG00000137393"
2102.27783635747	0.85905127601524	0.246058257636206	3.49125156078011	0.00048076335441206	0.00788763441553808	"ENSG00000186470"
331.302261385026	1.48867753388308	0.255787914205014	5.81996822840466	5.88588146113735e-09	6.33514197846088e-07	"ENSG00000124508"
1020.5215181954	0.895344856961944	0.262138631858055	3.41553952050366	0.000636557915995454	0.00964796623699232	"ENSG00000026950"
692.065554537657	1.29450167248238	0.282552043032545	4.58146279385875	4.61734761082978e-06	0.000184033103343985	"ENSG00000111801"
811.518443638181	0.621796962516775	0.132483663169098	4.69338594391923	2.68719838554028e-06	0.000119741560059675	"ENSG00000182952"
4497.52195328803	1.46466944436188	0.273040917458	5.36428553638736	8.12702561077159e-08	5.82219069479071e-06	"ENSG00000204642"
38.2009849035817	3.60228935816661	0.915454881363646	3.93497203576073	8.3206383607516e-05	0.00198696487328559	"ENSG00000204632"
561.619707350358	0.574964274766925	0.150366537078307	3.82375152037651	0.000131436378359644	0.0028908218261134	"ENSG00000234127"
357.322375854509	1.89751280035193	0.404011812106372	4.69667654135899	2.64428693701979e-06	0.000118065557027657	"ENSG00000272273"
848.996876633638	2.20097235680321	0.382118370662237	5.7599229081522	8.41523616891131e-09	8.60052577263046e-07	"ENSG00000137331"
698.177247305593	1.68692655326204	0.266253701548473	6.33578629499324	2.36133898165115e-10	3.8970838897176e-08	"ENSG00000206337"
2639.22600632368	2.79700561934957	0.500918551768159	5.58375330575521	2.35382528436778e-08	2.04856356780133e-06	"ENSG00000166278"
1230.80197794503	1.50411593281834	0.23032850875633	6.53030725957414	6.56349018536603e-11	1.27160488113004e-08	"ENSG00000204267"
2663.23373546739	1.17256513779979	0.266882039141043	4.39357081343381	1.11503845661877e-05	0.000382333811850654	"ENSG00000204264"
1943.40886531571	1.53801933633043	0.361917625214936	4.24963922499501	2.14115093420024e-05	0.000657997831916984	"ENSG00000240065"
4926.63522845822	1.03448466937502	0.28210287408842	3.66704760707534	0.000245367126371054	0.00470603901316783	"ENSG00000231925"
487.870390166918	1.12713247930601	0.296294803940131	3.80409127773216	0.000142325696386798	0.00307865681116297	"ENSG00000030110"
343.819036331558	0.696630250748751	0.226020450649875	3.08215583477396	0.00205507221055179	0.022588558880658	"ENSG00000186577"
402.250913933195	1.1785413403054	0.365554601469889	3.22398168581793	0.00126421484536298	0.0159313952232394	"ENSG00000112033"
149.384023979255	3.10552602021669	0.434638937285428	7.14507089404485	8.99494539944223e-13	2.60269329220224e-10	"ENSG00000010030"
2075.89501365576	1.68817801720317	0.605448230172516	2.78831109428158	0.0052983637635835	0.0439491975624127	"ENSG00000124762"
20.0531858094562	2.62189388572054	0.732308990984379	3.58031093158662	0.000343185589667854	0.00612183742017597	"ENSG00000188112"
785.038580800264	1.11880220719756	0.257168801917557	4.3504585270659	1.35853149198859e-05	0.000446431882618081	"ENSG00000112715"
294.570137506356	1.50992166457675	0.509897959302423	2.96122319579868	0.00306419792559809	0.029950456396072	"ENSG00000146072"
1104.9073629315	-1.02297636898388	0.36576271121895	-2.79683067083213	0.00516065720162187	0.0431119019318092	"ENSG00000112146"
196.104967663831	-1.54099768085433	0.373767865978855	-4.122873636605	3.74174985062532e-05	0.00103560480337804	"ENSG00000198478"
567.838108463311	0.369601808557519	0.109060543663178	3.38895989459758	0.000701582709665158	0.0103655588669361	"ENSG00000135317"
2727.8056308661	1.2226321722186	0.282534131417283	4.32737866425371	1.50894420422653e-05	0.000488652280089638	"ENSG00000146278"
268.047620006269	0.670246741738386	0.217728574771713	3.07835911037923	0.00208143924855041	0.022788435605751	"ENSG00000112249"
535.480037022404	0.935786016022455	0.214392297497291	4.36483039244579	1.27221429844163e-05	0.000422428235011617	"ENSG00000081087"
1069.57127412639	-0.998840001309461	0.338090060919688	-2.95436073628539	0.00313317528875137	0.0303638004829039	"ENSG00000118689"
230.702758283206	1.11270777320112	0.302005399084183	3.68439695639664	0.000229244741302283	0.00447333979875163	"ENSG00000056972"
7.76048742853049	-3.3099176934969	1.15559636776309	-2.86425068980094	0.00417997054674452	0.0372668042342809	"ENSG00000249853"
457.63471572224	1.70189641990693	0.278818758077934	6.1039523726421	1.0347713241819e-09	1.46845255431673e-07	"ENSG00000111817"
476.301718860666	1.120537623582	0.246894214917834	4.53853333078262	5.66468430888931e-06	0.000219494202438354	"ENSG00000111912"
65.905255765399	1.6934742198595	0.611613141097402	2.76886499989347	0.00562519380747174	0.04587456736108	"ENSG00000164484"
1011.23607952416	0.369106542059855	0.12015147544629	3.07201006636703	0.00212622554708017	0.0231876187904778	"ENSG00000079950"
1161.52782880306	2.01061373619426	0.515430659991974	3.90084232906434	9.58585706223112e-05	0.00224341276624484	"ENSG00000118503"
78.0937352691856	-2.03475079111753	0.598924543481873	-3.39734080571889	0.00068044165898619	0.0101473531214358	"ENSG00000112414"
1520.39441950639	0.659314708932508	0.192905402985764	3.41781359530486	0.000631263248588147	0.0095742308907719	"ENSG00000146457"
12.8959928900203	-1.76480776795619	0.639443511926534	-2.75991191565792	0.00578169481013817	0.0469104735505748	"ENSG00000261039"
263.084139534785	-1.68520176215936	0.429399302462572	-3.92455635697324	8.68897169383323e-05	0.00206606498760517	"ENSG00000164849"
754.458108478987	0.829684390655715	0.246622366188111	3.36418956431094	0.0007676879446418	0.0109571347896344	"ENSG00000146535"
801.721344015733	-1.03466191532726	0.37037332080374	-2.7935649173703	0.00521305644256009	0.0434356385715179	"ENSG00000122644"
59.3735288721813	-2.71105115771715	0.742243202125922	-3.65251059215119	0.000259688880876395	0.00491995600844054	"ENSG00000106511"
7.2424785886491	-3.04949204826675	0.724139549079894	-4.21119389507381	2.54024593260446e-05	0.000754622391712366	"ENSG00000229108"
219.553441518724	-1.93714223762422	0.548972695985745	-3.52866773118078	0.000417657173704327	0.00712389065202234	"ENSG00000164649"
19.8283992504933	2.19777170066591	0.760684792838935	2.88920157383935	0.00386221407669016	0.0353824546170464	"ENSG00000105889"
5.03266380436873	2.73291339354984	0.763020990180256	3.58170145870327	0.000341363753110123	0.00610124052070549	"ENSG00000232759"
393.266521937047	5.82117648853933	0.869216523202584	6.69703846297296	2.12685656826427e-11	4.7386364340928e-09	"ENSG00000136244"
1478.67841580507	0.734473077177757	0.239349861882861	3.06861709215111	0.00215052034178146	0.0234009428808703	"ENSG00000172115"
13.5943465653206	-2.03239126052428	0.451255817665327	-4.50385608553328	6.67314055443617e-06	0.000252423720802781	"ENSG00000176532"
254.284433263416	1.44630482016253	0.241370571204992	5.99205119721993	2.07210665571911e-09	2.5413248757665e-07	"ENSG00000180233"
893.196573269376	1.709351955596	0.377918269292896	4.52307309406948	6.09481803804523e-06	0.000232920318846737	"ENSG00000006451"
502.418128855799	3.1970847305133	0.490099069391447	6.52334380982013	6.87570077969477e-11	1.32060873596206e-08	"ENSG00000122641"
831.802166010066	-0.822626922296242	0.197514185119288	-4.16490046929753	3.11488422683049e-05	0.000887463178692881	"ENSG00000106628"
1977.77025126566	1.32479173630126	0.24347484767735	5.44118519403226	5.29272566629712e-08	4.01094992670407e-06	"ENSG00000154978"
680.030430339954	-0.615547146535109	0.207874508012077	-2.96114782145075	0.00306494796153699	0.029950456396072	"ENSG00000196313"
1026.44325500426	-0.402146431848048	0.135325047144014	-2.97170731017799	0.0029614886125281	0.0292602954710094	"ENSG00000263001"
405.508719136858	1.06095715203805	0.356671651977625	2.97460464310913	0.00293366377459557	0.0290368853389557	"ENSG00000186088"
534.684020054015	1.60279640419402	0.534196163590017	3.00038920800662	0.00269634825483888	0.0276332286650461	"ENSG00000157240"
762.560700145385	0.954782949131429	0.227590078011198	4.19518705505453	2.72646487334825e-05	0.000796142036411519	"ENSG00000177409"
297.791068149841	0.477469065358124	0.169582673996324	2.81555334696794	0.00486933119017109	0.0414618594685448	"ENSG00000105829"
320.105147193904	0.420767259593626	0.139681201457199	3.01233992265278	0.00259242123824059	0.0267607938558126	"ENSG00000196367"
2108.89634475565	-1.47451187470686	0.486898790923145	-3.0283744839687	0.00245873191885107	0.0257427383233091	"ENSG00000166508"
769.894097565886	-1.2965889800462	0.419268072174697	-3.09250588369616	0.00198474299223174	0.0220920935549759	"ENSG00000005249"
30.0007134882462	2.30040495938878	0.580931564813877	3.9598553404923	7.49951779585944e-05	0.00183413014809823	"ENSG00000091129"
207.995532833697	2.26649111048294	0.538636031414713	4.20783419284088	2.5782993191084e-05	0.000764906908518443	"ENSG00000128512"
479.674546814559	2.24189556519532	0.401192882410711	5.58807412465567	2.29601643812137e-08	2.00608808789585e-06	"ENSG00000105967"
237.991251537472	-0.724517040150416	0.231188135367706	-3.13388504560611	0.00172508422771733	0.0200077441923697	"ENSG00000004866"
1753.98125271693	1.25621399332288	0.403848170689758	3.11060959166241	0.00186701601292929	0.0210938726004384	"ENSG00000128595"
236.046299472054	-1.6951790026006	0.368111909981985	-4.60506426614549	4.12338502210474e-06	0.000168567006041272	"ENSG00000106484"
169.772690319554	-0.944549670611956	0.285826269946277	-3.30462861510067	0.000951023290835987	0.0128183901511348	"ENSG00000106123"
492.499303016026	0.372046349329742	0.13550054080249	2.74571855674029	0.00603785358091156	0.0483050402317575	"ENSG00000009335"
286.758335446475	0.918249467688356	0.27626297915282	3.32382380912648	0.000887922743625172	0.0121891058089765	"ENSG00000182372"
272.901822488193	-2.71830472740624	0.578363798190245	-4.69999114037234	2.60172777874326e-06	0.000116860549830265	"ENSG00000176595"
54772.3132154271	2.14271002983494	0.52391331052591	4.08981788930705	4.31712014779708e-05	0.00116820038099561	"ENSG00000164733"
253.21319585921	0.68844726640491	0.163064059584981	4.22194362238434	2.42204698038104e-05	0.000727341724631067	"ENSG00000155975"
3917.93392867677	1.44785172843441	0.314553860425545	4.60287381778015	4.16700712762534e-06	0.00016941773504287	"ENSG00000104763"
565.605963861387	1.33154414417825	0.364349325353203	3.65458106142352	0.000257602266449777	0.00489290579411852	"ENSG00000120889"
456.324698045291	0.609772340584005	0.209885333504072	2.90526417641362	0.00366943246675473	0.0339937444321395	"ENSG00000197217"
3062.54846664798	0.551653907712918	0.179910213072715	3.06627343879557	0.00216744999304958	0.0235076322129909	"ENSG00000133872"
702.366273575021	0.9754948192686	0.208232201274247	4.68464921995349	2.80439796592052e-06	0.00012421866139306	"ENSG00000104660"
653.369673002159	0.442557614695386	0.161062776275245	2.7477336783211	0.0060008730204099	0.0481112723978382	"ENSG00000147533"
430.253379221124	0.873762436028422	0.147669893475478	5.91699780817896	3.27871060983001e-09	3.76544703025838e-07	"ENSG00000120992"
4233.23728186627	1.2895479025163	0.243848655819482	5.28831253214262	1.23449921503881e-07	8.3095596710165e-06	"ENSG00000137575"
129.788786841522	0.753787026299599	0.253999699283855	2.96766897136052	0.00300067301754096	0.0295424510139904	"ENSG00000104205"
288.052184542705	3.5592174866351	0.50621799453543	7.03099756440205	2.05062083495739e-12	5.37503908268832e-10	"ENSG00000178860"
127.492622829916	2.24609078295836	0.563269577604651	3.98759470111992	6.67465641682033e-05	0.0016658632398085	"ENSG00000235531"
398.967581618759	1.09158829652964	0.249488237048178	4.37530967168946	1.21260206705536e-05	0.000406879127319177	"ENSG00000076641"
415.729191095516	1.5831605542975	0.313927100131408	5.04308342170778	4.58089416224449e-07	2.63726930064101e-05	"ENSG00000104312"
373.986712812956	1.14798817565184	0.167068329750372	6.87136920185368	6.35885804532399e-12	1.57417063610909e-09	"ENSG00000104320"
147.518825622379	2.75323443812296	0.662215399046539	4.15761162015725	3.21592154750306e-05	0.000911586922116643	"ENSG00000170961"
98.1213610509406	0.769953246154705	0.25206284361487	3.05460826797275	0.00225354658274643	0.0241414414380123	"ENSG00000259305"
153.160283923027	1.09528489550158	0.276935202890684	3.95502227260694	7.6527522099166e-05	0.00186138994800155	"ENSG00000104549"
358.7370834743	0.500989940593745	0.108883407104572	4.60115966166079	4.20145211699016e-06	0.000170197005757347	"ENSG00000164961"
1287.81252548301	0.736269068258199	0.239889927764042	3.06919542275405	0.00214636139593981	0.0233728894924433	"ENSG00000153310"
497.432045832971	0.823549706201012	0.256074055496494	3.21606070011372	0.00129963340024212	0.0162581876234668	"ENSG00000132294"
3072.96512344742	1.1810285239717	0.349826533160541	3.37604044296352	0.00073537108772338	0.0106660414182326	"ENSG00000104419"
1113.55376522904	0.899697995611494	0.206719174971274	4.35227160584652	1.34734201276275e-05	0.000443408863284402	"ENSG00000008513"
736.320901404008	-0.819281183696177	0.234457742328046	-3.49436608730056	0.000475188931194878	0.00781920929617569	"ENSG00000185000"
557.289085217697	-0.38337017220485	0.130588469471942	-2.93571227042538	0.00332782838659693	0.0316044400909547	"ENSG00000187954"
206.977871430586	-0.77661816735291	0.168773417858563	-4.60154316483498	4.19372222775305e-06	0.000170193317366736	"ENSG00000160972"
182.034470579548	-1.12276112284322	0.398298653132911	-2.81889259230952	0.00481896403121445	0.0411365971706735	"ENSG00000107104"
84.8849773504536	1.64253425550018	0.545152678913804	3.01298025128093	0.00258695751804871	0.026733494203212	"ENSG00000107249"
221.727430150144	1.35659786222888	0.398704835981425	3.40251168233155	0.000667695006465271	0.0100230123828639	"ENSG00000107020"
324.304378006962	3.32274626805068	0.414615549482048	8.01404161566437	1.10999122850995e-15	5.37621838504385e-13	"ENSG00000197646"
2109.20985378414	1.37236537488201	0.25544184358865	5.37251593396734	7.76455659179199e-08	5.58046196339115e-06	"ENSG00000086062"
212.306155477701	-4.08498790461229	0.75053889533705	-5.44273978336301	5.24672638265632e-08	3.98966088073661e-06	"ENSG00000165269"
204.36046111063	1.67655064898643	0.456154615356617	3.67539994673894	0.000237477096785566	0.00460086062294122	"ENSG00000137078"
788.696126005101	1.4615111643761	0.4793788336834	3.04876031581598	0.00229787734324845	0.0244609207871836	"ENSG00000135052"
6202.44823436376	1.83111977328603	0.406951711937508	4.49959963202518	6.80815654163615e-06	0.000256250058461516	"ENSG00000135047"
1066.95693096904	0.694166167849327	0.240498569995292	2.88636297447805	0.00389722408270604	0.0355715495955308	"ENSG00000187764"
167.981697541153	3.32898938458162	0.842799226533104	3.94991983829362	7.81773711644171e-05	0.0018911963404378	"ENSG00000119508"
317.889662725505	1.27267959062273	0.296405573122255	4.29371005820393	1.75711911777552e-05	0.000552166628265706	"ENSG00000066697"
457.507318407086	2.4374469972845	0.297214975258724	8.20095621077879	2.38482396448659e-16	1.29594824216491e-13	"ENSG00000136867"
29.121257845416	-1.13248370387952	0.316057355171297	-3.58315883288251	0.00033946404849578	0.00607490682769957	"ENSG00000148225"
241.697678686743	1.03873813001802	0.294083163567478	3.53212376192246	0.000412236374203643	0.00706509724404397	"ENSG00000157693"
1034.33099124411	0.766496939801596	0.244098324324005	3.14011553305127	0.0016888121807166	0.0197101809252834	"ENSG00000136869"
398.747923300091	1.35928618311566	0.460006595192605	2.95492759738918	0.00312742435644791	0.0303215903662573	"ENSG00000056558"
539.128138020601	1.25677209337257	0.356176360383728	3.52851068503978	0.000417905075502387	0.00712389065202234	"ENSG00000119408"
682.531022949242	0.64145678065142	0.222089687581875	2.88827809897721	0.00387357231776319	0.0354137017807812	"ENSG00000119487"
800.104640791644	-0.894817651840819	0.2768831477017	-3.23175194759361	0.00123033808029783	0.0155749807139002	"ENSG00000160445"
1004.2313106736	1.01812911904457	0.252496190508031	4.03225536589705	5.52441097064106e-05	0.0014163852292967	"ENSG00000107263"
875.962341132682	1.06521734668592	0.229674981065931	4.63793375204474	3.51909536264294e-06	0.00014821445119033	"ENSG00000160271"
1029.14003896654	-0.957281960696618	0.290581775586673	-3.29436338106167	0.000986448839151019	0.0131605270277154	"ENSG00000172889"
279.731739557076	-0.983881615721268	0.291735567577951	-3.37251170259991	0.000744859210447935	0.0107553228832015	"ENSG00000165716"
516.999095750082	-0.829234344146266	0.232503128036849	-3.566551345558	0.000361709965246077	0.00637571046335649	"ENSG00000233016"
92.7995681036503	-1.40190551148999	0.450990923186752	-3.10850050281273	0.00188039325976881	0.0212020049735066	"ENSG00000130653"
26.5342472634364	-2.61541567864561	0.435867388490653	-6.00048488991668	1.96729158464687e-09	2.43506980588512e-07	"ENSG00000185736"
697.804956175318	1.33370960203483	0.368691578333974	3.61741271135495	0.000297562632991558	0.00549460571414672	"ENSG00000067057"
294.056058454445	4.4908137793057	0.823420272952891	5.45385379352037	4.92897331781903e-08	3.77379812786969e-06	"ENSG00000134460"
100.218935291854	-1.56403516823464	0.395493220689984	-3.95464469784337	7.66484722717145e-05	0.00186229875922988	"ENSG00000148426"
1648.399060501	0.613350011309402	0.21790061928444	2.81481536547978	0.00488052651276167	0.0415031033222634	"ENSG00000123240"
1100.33263286016	1.04670401859322	0.380951608404571	2.74760362077699	0.0060032536003911	0.0481124065527747	"ENSG00000120594"
333.690598468478	0.415407016571806	0.129351623479132	3.21145576219862	0.00132064301905935	0.0164655436287869	"ENSG00000108094"
1617.80323645211	2.20766218257736	0.311585375587844	7.08525609846847	1.38787401926869e-12	3.86522914366329e-10	"ENSG00000107551"
283.088555800689	1.87460282265884	0.306279655495732	6.12055939407626	9.32474169562691e-10	1.33176439088825e-07	"ENSG00000165511"
209.832352995911	1.02863238925002	0.376315153353334	2.73343334724607	0.00626778077124726	0.0496961407770067	"ENSG00000128805"
313.282260142155	0.808251962269391	0.264987410216991	3.05015231330249	0.00228725337668548	0.0243827776232308	"ENSG00000181915"
46173.7588053444	1.30147608835068	0.360876091610325	3.60643478082227	0.000310432835830941	0.005683191111186	"ENSG00000197746"
352.08813945908	1.36437230489374	0.345294343839783	3.9513311736343	7.77176887811589e-05	0.00188211968048285	"ENSG00000119922"
47.4324737779906	0.999396662671816	0.329631966382149	3.03185602306906	0.00243055105108035	0.0254716262549718	"ENSG00000226688"
274.957429942249	1.41867562967829	0.477522537728825	2.97090821393634	0.00296920506966306	0.0293235323369206	"ENSG00000119986"
1199.18649761574	0.80849686788333	0.238643413110128	3.38788679455497	0.00070433328401364	0.0103911794630409	"ENSG00000166272"
10.2397779311987	-2.00333148267452	0.682728759809447	-2.93430070711194	0.00334300158846772	0.0316963821706174	"ENSG00000203867"
209.897114980649	-2.25907161546807	0.699974704942342	-3.2273617882437	0.00124937381987234	0.0157706074599898	"ENSG00000119927"
629.870008565239	0.858683109661439	0.216921363224371	3.95849950829079	7.54220963299247e-05	0.00184147638100994	"ENSG00000197142"
7.53205224405859	-3.16196606440679	1.09400196171562	-2.89027458364717	0.0038490546441981	0.0353144013193657	"ENSG00000170370"
344.057776163553	1.8633408638913	0.576573046519435	3.23175159702594	0.00123033958960791	0.0155749807139002	"ENSG00000121898"
674.340940003191	1.14884113185346	0.25823297686721	4.44885523836182	8.63291739683666e-06	0.000307746239362433	"ENSG00000132334"
378.076285869722	-1.6453924259723	0.543895257389347	-3.02520090700927	0.00248468018531929	0.0259527624474827	"ENSG00000108001"
2.88973953651383	3.55038238360808	1.06497652663138	3.33376585758021	0.000856787481601408	0.011848538825351	"ENSG00000184524"
647.933282729224	-0.666335227578473	0.228585629185689	-2.91503551624054	0.00355648066786223	0.0332461533865907	"ENSG00000051009"
882.238871306858	1.23341949374784	0.204639759302926	6.02727201179916	1.66750229159214e-09	2.13516960095821e-07	"ENSG00000184014"
835.978508785204	0.493338998389344	0.11979866193022	4.11806768490206	3.82062493135238e-05	0.00105220671780632	"ENSG00000205339"
1023.63694249142	0.656098993772764	0.186276802137052	3.52217230619003	0.000428025845622246	0.0072575463017227	"ENSG00000129083"
20.2802183540145	-2.27823488523661	0.791051571220427	-2.88000804008488	0.00397665029773165	0.0360427007198216	"ENSG00000187486"
5.3803513282511	-4.26724340913147	1.37054842829543	-3.11352982574916	0.00184863824156721	0.02094997966537	"ENSG00000134343"
7068.81630370749	2.28438487550652	0.262318359979502	8.70844448587212	3.08073151624879e-18	3.13119568777474e-15	"ENSG00000026508"
35.1590751582249	3.53154238800072	0.499712140515757	7.06715347030749	1.58144025823222e-12	4.29688889675779e-10	"ENSG00000110436"
1721.89078450229	2.3614971667683	0.462868164465534	5.10187856513114	3.36298519713444e-07	2.01960404830608e-05	"ENSG00000025434"
867.137448118806	1.79509481488345	0.403766795969664	4.44587032118986	8.75367440478874e-06	0.000311552501180021	"ENSG00000110031"
432.210842041699	1.97568400856631	0.408043402819192	4.84184769295672	1.28637349198054e-06	6.48425371070732e-05	"ENSG00000006118"
1487.45737153725	1.57805642690449	0.41801624510061	3.77510789449026	0.000159938421919553	0.00337765691030108	"ENSG00000110446"
513.511520620447	0.913382603431271	0.298612224756782	3.05875824131184	0.00222256429854536	0.0239336551820157	"ENSG00000162144"
177.26000755896	0.483132543934368	0.170347310883085	2.83616184740337	0.00456593012108608	0.0396758670428229	"ENSG00000162222"
145.382808527903	-0.991334828219707	0.30985723134477	-3.19932771592048	0.00137748489523273	0.0169466391307483	"ENSG00000149809"
1809.95316738309	-0.49023007345146	0.156096374566513	-3.14056027766725	0.0016862500278689	0.0196905925686158	"ENSG00000137497"
595.764017447464	-1.10582918916674	0.321313855406322	-3.4415857597188	0.000578315120026366	0.00894799492743585	"ENSG00000158555"
110.860658814147	-1.97643429802494	0.683573415397187	-2.89132703745734	0.00383618689649685	0.0352309332456512	"ENSG00000165323"
672.216125342274	1.92657377718812	0.324409066335909	5.93871743150745	2.87260485987691e-09	3.35087100932239e-07	"ENSG00000166002"
312.29195424918	1.48922190481922	0.325810712599795	4.57081933536202	4.8582098825952e-06	0.000192257399971974	"ENSG00000110218"
728.397364166138	-0.670684534906871	0.23019913088855	-2.91349725048084	0.00357404984451799	0.033359794945899	"ENSG00000263465"
842.748043546605	-0.799546561641198	0.267839252872989	-2.98517320767896	0.00283417790875625	0.0284738281555963	"ENSG00000149212"
1279.06932378196	-2.23571671630614	0.79227298642845	-2.8219019890918	0.00477397648205637	0.0408755481018228	"ENSG00000109846"
14.5898783894924	-2.29574344299549	0.707559991877423	-3.2445919347475	0.00117619042763314	0.015104047681652	"ENSG00000250303"
557.737050457771	-2.74086906028757	0.772389221578683	-3.5485594357279	0.000387344569317132	0.00673169813134611	"ENSG00000149294"
205.978612492608	-3.24690810984421	0.656491799898044	-4.94584716876658	7.58134236494875e-07	4.15017955506285e-05	"ENSG00000109906"
450.676220955796	-1.39404440567214	0.455096117134501	-3.06318677129065	0.00218993331935046	0.0236852982306447	"ENSG00000110400"
457.789455301976	-0.590234228712523	0.212582434944105	-2.7764957573645	0.00549483521890817	0.0451256267889865	"ENSG00000151503"
101.302149241885	1.39078326127571	0.479014698518555	2.90342502135525	0.00369105341040699	0.0341798295859799	"ENSG00000197905"
155.232454679882	0.748456479531149	0.188440254386643	3.97185029264216	7.13165352921694e-05	0.00175766859105037	"ENSG00000111224"
5845.55258658601	1.97953866847312	0.514102848820512	3.85047208552667	0.000117890366877424	0.00264777961091634	"ENSG00000182326"
2156.69235788414	1.20092098453631	0.378616254471572	3.17186853536547	0.00151461554936017	0.0181453092338877	"ENSG00000059804"
368.523427047449	-0.455868789544128	0.160599963114725	-2.8385360787317	0.00453209955394526	0.0394588425407973	"ENSG00000065970"
440.12743609706	1.00481900400098	0.324765410037956	3.09398406647908	0.00197488092354641	0.0220442620123317	"ENSG00000111729"
891.781804173656	1.45598922616532	0.269616640554689	5.40022019104562	6.65591506912761e-08	4.87808512303168e-06	"ENSG00000110852"
255.590466909997	0.652447230074091	0.217619815570365	2.9981057945669	0.00271663351095441	0.0277447428540722	"ENSG00000111266"
1132.95293409331	1.13300317001935	0.298970144487797	3.78968666573862	0.000150837428111972	0.00323762803307778	"ENSG00000111269"
521.773792050391	-1.69716040749301	0.37884793196307	-4.47979324764652	7.47153760754146e-06	0.000275150178340535	"ENSG00000008394"
22.697841867491	-3.014060808539	0.772990371547127	-3.89922167142446	9.65023962831165e-05	0.00225374569097257	"ENSG00000048540"
1063.09375486129	1.65316338052098	0.448739279425132	3.68401754943049	0.000229586423780258	0.00447522792810511	"ENSG00000060982"
528.546745677043	0.544435130359564	0.198570481805604	2.74177272175103	0.00611086082603024	0.0486945562245901	"ENSG00000087502"
275.015001647386	0.823816932667281	0.225588659386675	3.65185437471482	0.000260353515793775	0.00492417345660892	"ENSG00000139146"
27.4172782564473	-3.37556885293208	0.707582565142429	-4.77056532936564	1.8370959002603e-06	8.70861631017011e-05	"ENSG00000057294"
461.689728557228	0.945802853964181	0.294213540754514	3.21468159330349	0.0013058928664521	0.0163090207760946	"ENSG00000151239"
557.922787846374	-0.992651823693236	0.26850541012964	-3.69695278472774	0.000218202905704779	0.00429846219195622	"ENSG00000134291"
1529.93019301448	-1.22638498630845	0.222391974836837	-5.5145199695637	3.49733197393282e-08	2.82320856446461e-06	"ENSG00000185432"
254.152042155028	1.19046208458647	0.381421828777503	3.12111681809618	0.00180166548735552	0.0205851831068108	"ENSG00000139626"
348.891661238687	0.443046848166661	0.160632451207587	2.75814036849943	0.0058131230054627	0.0470455432479872	"ENSG00000182544"
1643.04277649265	1.85103209935341	0.53676270459474	3.44851101521846	0.000563686477919495	0.00883071532676809	"ENSG00000161642"
294.771505886059	-2.00779516668621	0.535144454662846	-3.75187512304723	0.000175516888802189	0.00363768956512816	"ENSG00000257698"
1560.30328882884	-1.05480545916239	0.353098437263629	-2.98728441659699	0.00281467731590201	0.0283631888730424	"ENSG00000173598"
709.18532878876	1.32739788661393	0.303071165283347	4.37982242676543	1.18776058013274e-05	0.000400959177656931	"ENSG00000136040"
656.905706789501	1.06453892366366	0.316632677399495	3.36206272961691	0.000773625467058181	0.0110066254189376	"ENSG00000111670"
739.949149190523	0.607133026311374	0.192370035378488	3.15606858997994	0.00159911251292639	0.0189209913903346	"ENSG00000198431"
162.312282222478	1.76663262344653	0.405044679240555	4.36157469531241	1.29129696255614e-05	0.000428126433418909	"ENSG00000136052"
913.161782396252	1.22773824406995	0.40627805582977	3.021916213423	0.00251180062767418	0.0261386819171325	"ENSG00000174600"
450.010090352531	0.769340891612261	0.227819194262832	3.37698012716471	0.000732863447802908	0.0106660414182326	"ENSG00000084112"
856.898989455621	0.735080820830726	0.262384898092804	2.80153631620496	0.00508599163362366	0.0427445845330574	"ENSG00000111252"
409.107387770352	0.936747626229369	0.288281707767602	3.24941750027555	0.00115641616344996	0.0149102732185561	"ENSG00000111412"
523.056229898112	0.842635661349613	0.198613587921681	4.24258818425801	2.20956673619635e-05	0.000673449341757245	"ENSG00000176871"
25.5222927198947	-1.23098204041099	0.42230099010728	-2.91493998178474	0.00355756951431741	0.0332461533865907	"ENSG00000158023"
438.567789039287	0.588536899080509	0.145498007959766	4.04498252129511	5.2327027997905e-05	0.00136196984088005	"ENSG00000130779"
27.1684665610758	-2.31108557510282	0.706397278129277	-3.27165130254066	0.00106921359768476	0.0140129876214214	"ENSG00000102683"
380.863106044472	0.880705428922964	0.260844993716549	3.37635549900565	0.000734529442871446	0.0106660414182326	"ENSG00000182957"
354.436096796019	0.70181101456286	0.191789408253589	3.6592793155444	0.000252925546117229	0.0048248534167655	"ENSG00000139505"
461.544961163855	0.490924526975865	0.166883041976908	2.94172805792811	0.00326386411935494	0.0312232256673371	"ENSG00000120690"
165.086845335008	1.08876332754042	0.379277686340823	2.87062320497823	0.00409663517733221	0.0367525135865468	"ENSG00000179630"
52.7164684573754	1.65093048684157	0.574016807385769	2.87610130156356	0.00402620474956607	0.0362941734017675	"ENSG00000152207"
159.212626772815	-0.763686460779153	0.236987412016887	-3.22247689984789	0.00127087412922538	0.0159972178526224	"ENSG00000102543"
382.741901580763	0.407607694517065	0.125974134390391	3.23564592437602	0.00121367831679191	0.0154342196907099	"ENSG00000102753"
125.192215320937	2.54351540233668	0.578678728463947	4.39538430778028	1.10576945504667e-05	0.000381370641771513	"ENSG00000118946"
536.673825719979	2.17927905190888	0.656744697263743	3.31830475523992	0.000905656130383697	0.0123715625904039	"ENSG00000169508"
779.613875742884	1.84024450208052	0.341602563709926	5.38709218717448	7.16067110371931e-08	5.20701360262534e-06	"ENSG00000102524"
4026.90825970701	2.42520878067075	0.704169410097395	3.44407005742456	0.000573027201371468	0.00889689619969081	"ENSG00000187498"
4409.17124314742	2.21690965769037	0.701614785847302	3.15972482679813	0.00157918208630044	0.0187448997777164	"ENSG00000134871"
878.665043403141	-2.04599097859983	0.56784352428046	-3.60308939191021	0.000314457323531242	0.00573331355832739	"ENSG00000165795"
1329.03158312082	2.1220807868065	0.410750880928904	5.16634506542617	2.38715904766905e-07	1.49398605567602e-05	"ENSG00000155465"
200.375263069997	-0.922042985188276	0.298562033552746	-3.088279424602	0.00201319081020991	0.0222599956583011	"ENSG00000100802"
242.285011615605	0.871680776630916	0.230353796420792	3.78409555290593	0.000154268550754475	0.003292244550584	"ENSG00000033170"
583.795229362102	0.535800865166481	0.181129745683041	2.95810532469956	0.0030953634105691	0.0301682838090461	"ENSG00000100731"
878.631948437653	0.383608942509931	0.122388503373333	3.13435438735429	0.00172232710757861	0.0199861708108601	"ENSG00000133961"
55.184171393761	-1.85536655542262	0.53863976243192	-3.44454064632321	0.000572030621553914	0.00889055167527735	"ENSG00000198208"
252.429328916291	2.0087862288343	0.44702642848914	4.49366323960665	7.00083097750507e-06	0.000262148763325736	"ENSG00000119686"
386.43687512029	1.96019734810193	0.50787744888311	3.85958729298311	0.00011357868037258	0.0025793896729137	"ENSG00000119699"
647.637184502828	1.23536536818382	0.359830923254101	3.43318288770709	0.000596539564662243	0.00915982184746711	"ENSG00000071246"
29.2285726181591	-1.74899967202426	0.61203801883169	-2.85766507669393	0.00426770584815423	0.0377469179423883	"ENSG00000021645"
2667.06425753474	1.58679395007732	0.40637054582136	3.9047956757547	9.43050284516532e-05	0.00221870753316033	"ENSG00000165949"
1260.54528554399	0.764175629699744	0.268373388003418	2.84743444715171	0.00440731700341862	0.0386229708964525	"ENSG00000196405"
444.788816604863	1.01989382517562	0.157054290229833	6.49389344081662	8.364592273703e-11	1.55121260710302e-08	"ENSG00000131323"
3372.00835757956	1.70359215083554	0.263482952194247	6.46566366684553	1.00855176223591e-10	1.75551041114188e-08	"ENSG00000185215"
548.8209640666	-1.75544309603059	0.582730428180014	-3.01244453891518	0.00259152786052456	0.0267607938558126	"ENSG00000092529"
987.740595518006	0.703032637541036	0.122600613014269	5.73433215590214	9.78973148550126e-09	9.86946685506642e-07	"ENSG00000092531"
87.051224609138	-0.636170861383736	0.225127765434774	-2.82582141814069	0.00471595479112552	0.0406359974622273	"ENSG00000179523"
703.720396519555	0.564984304018032	0.165108081438332	3.42190581524656	0.000621838502590361	0.00948032282596632	"ENSG00000104164"
1500.66508885274	-0.879708685644133	0.269112727024363	-3.26892263837262	0.00107957814088055	0.0141321979899052	"ENSG00000128951"
127.819492469036	0.658905649072624	0.236592921582504	2.78497617200628	0.00535316567458897	0.0443212676439399	"ENSG00000156958"
259.860962656581	1.56532862866007	0.289502024286899	5.40696954543161	6.41000374058783e-08	4.74468050964441e-06	"ENSG00000140280"
484.416842562192	0.436459335103644	0.140380349243981	3.10911988361761	0.00187645563120661	0.0211790432944698	"ENSG00000138594"
172.355856906943	0.397556470306212	0.134702574607243	2.95136504603109	0.00316372764651063	0.0305274369702282	"ENSG00000166477"
1202.8174182693	0.420612885186659	0.144692902837855	2.90693514980485	0.00364988856138185	0.0338686139727848	"ENSG00000128989"
1122.39234162224	2.0280691409751	0.42047232042006	4.82331188637821	1.41193928014383e-06	7.03758549476612e-05	"ENSG00000103569"
907.18412514621	0.573597048137068	0.168796127593785	3.39816473466413	0.000678395567673014	0.0101440625823857	"ENSG00000137845"
1728.64268150307	0.830410330075614	0.245389187477386	3.38405427970269	0.000714238815120682	0.010483030830625	"ENSG00000185088"
88.4123112923343	-0.587985153515533	0.196602535879335	-2.99073026136555	0.00278311213933042	0.028146953456324	"ENSG00000259673"
455.293211080336	1.02372018931756	0.268628170340395	3.81091896661598	0.000138451149381206	0.00300945522752513	"ENSG00000140406"
700.458729944795	0.565522846014606	0.155163377750335	3.64469280196102	0.000267711380432006	0.00502918175044275	"ENSG00000064726"
423.173578672688	0.590614907551667	0.195241167007655	3.02505315146221	0.00248589436790623	0.0259527624474827	"ENSG00000166503"
1155.10175984393	0.544966298716799	0.143114647062316	3.80790023874709	0.00014015178793993	0.00303753096819225	"ENSG00000170776"
820.617835042064	-5.13987799692437	0.857825829247861	-5.99175009853806	2.07594760946815e-09	2.5413248757665e-07	"ENSG00000166819"
26.4930208401861	-2.83306577727652	0.529255794614763	-5.35292349390083	8.65444470703503e-08	6.16041623235592e-06	"ENSG00000166823"
650138.143160583	-2.28816699881388	0.778856749610419	-2.93785346273036	0.00330493194737669	0.0314405993969054	"ENSG00000188536"
17.4592310922604	-2.80361919125224	0.586898835981736	-4.77700588136707	1.77924571753408e-06	8.56189947876012e-05	"ENSG00000102854"
168.784485227313	-1.15197908507056	0.346416818014379	-3.32541327431378	0.000882875620715517	0.0121497645642629	"ENSG00000260260"
65.0485436662921	-1.10642448511535	0.339848107930826	-3.25564409303864	0.00113135472409864	0.0146720507874958	"ENSG00000167972"
230.881857300281	-0.936649030528957	0.294833136715813	-3.17687842337676	0.00148869428921219	0.0179287074398095	"ENSG00000162065"
519.094993837157	-0.963741664541023	0.342658621478321	-2.81254170808014	0.00491516487095178	0.0417498563952748	"ENSG00000213918"
728.451192787479	-0.617326171205018	0.201886084475747	-3.0577945617603	0.00222972380122507	0.0239644217517098	"ENSG00000005339"
181.541259150801	1.45086128922485	0.280182936928929	5.17826426236966	2.23959840089472e-07	1.41756398783905e-05	"ENSG00000188215"
2903.98911815789	1.89643880474634	0.519268691527585	3.65213392543925	0.000260070184435699	0.00492299380563074	"ENSG00000176046"
392.113637695439	-0.878402237808128	0.314493749228051	-2.79306739788703	0.00522108123542511	0.0434699887613122	"ENSG00000149929"
1026.83928837639	0.768298711937895	0.258784467920454	2.96887490239197	0.00298892250144347	0.0294443334608483	"ENSG00000179918"
123.953156506201	-1.13734721781871	0.40006033257301	-2.84293923994864	0.00446995910341148	0.0390551720878461	"ENSG00000166123"
736.787175117772	0.882173009175266	0.155281488906044	5.68112152575404	1.33814351174339e-08	1.29064231349103e-06	"ENSG00000083799"
64.1303035371563	-2.59904613969131	0.829673978104835	-3.13261137299754	0.00173258680723247	0.0200738606682993	"ENSG00000159387"
10066.1290954474	2.35341969686756	0.646157654909831	3.64217568109747	0.000270343465581312	0.00506581363595596	"ENSG00000087245"
3576.41602954739	1.92243938509856	0.508113830197499	3.78348171383434	0.000154649691500787	0.00329485670182878	"ENSG00000125148"
361.185391446488	1.83436997483391	0.47190947702182	3.88712256089974	0.000101439543363707	0.00234934826002431	"ENSG00000198417"
605.946261346536	0.718036506603752	0.255039989015798	2.81538792945633	0.00487183858387635	0.0414618594685448	"ENSG00000168701"
751.413447165206	1.39884556413364	0.311821493373528	4.4860460034356	7.2557081769748e-06	0.00026853351857641	"ENSG00000103043"
229.479872987178	0.724874255423332	0.207529865773893	3.49286717225121	0.000477864141359195	0.00784584603499106	"ENSG00000135698"
26.3104041475002	4.03805148654201	0.869393213677136	4.64467794665995	3.40607361929086e-06	0.000144547276643429	"ENSG00000261327"
82.0589708832283	2.1317659203142	0.680507617441409	3.13261140019162	0.00173258664672565	0.0200738606682993	"ENSG00000225614"
139.471100275847	2.92387239676242	0.563841342516743	5.1856296732544	2.15286228290384e-07	1.37045061894565e-05	"ENSG00000258947"
969.854334955597	0.703420529567288	0.249849206833333	2.81538027869954	0.00487195458207586	0.0414618594685448	"ENSG00000159842"
181.664024714675	-5.95797954941984	0.870877985835432	-6.84134820988081	7.84513024280439e-12	1.87945700870625e-09	"ENSG00000184811"
942.939333333999	1.57731753940772	0.36502830524058	4.32108282224349	1.55265377110485e-05	0.000499900665032025	"ENSG00000167703"
412.081339455354	1.13430578789661	0.385797952319366	2.94015502435228	0.00328048071792626	0.0313418140632063	"ENSG00000213977"
449.582437951255	2.34977930937801	0.428590884274516	5.48256949831195	4.19192236849122e-08	3.26559546748197e-06	"ENSG00000161929"
1277.21379254688	1.04029123121461	0.374791585160155	2.77565258240811	0.00550910421994114	0.0451925044257321	"ENSG00000233223"
1736.30912017912	-0.845734299336838	0.235367671987076	-3.59324750165042	0.000326582110279159	0.00590125662369803	"ENSG00000220205"
513.438972898765	-1.19309572544354	0.338059097438247	-3.52925193992591	0.00041673618876095	0.00711485232612564	"ENSG00000133026"
125.25764955346	0.737117303783846	0.257733627976204	2.8599966157769	0.0042364552896714	0.0375599776577313	"ENSG00000006695"
58.7314851560938	-1.47642508691897	0.458256222448566	-3.22183314616024	0.00127373287644446	0.0160151063697419	"ENSG00000166582"
801.667408785248	-1.08501225803679	0.394293482882652	-2.75178846503964	0.00592707930769139	0.0477078493408107	"ENSG00000154803"
187.863089289862	-0.781817287272096	0.275933938756396	-2.8333494995058	0.00460629927862451	0.0399442183006941	"ENSG00000072134"
2732.91765162322	-1.25844306888811	0.451091889823174	-2.78977099185139	0.00527453351234609	0.043800449740988	"ENSG00000034152"
29.8481759098188	-2.34179330472492	0.674294004391594	-3.47295584637133	0.000514760032892914	0.00829030760052852	"ENSG00000184185"
2205.77985273927	0.566674833543761	0.202372931786386	2.80015132726303	0.00510786552108333	0.0428476068560756	"ENSG00000168610"
59.5230626229654	-1.39131950915701	0.447939168441388	-3.10604565793639	0.00189607436774237	0.0213464057166751	"ENSG00000198496"
104.265495318555	-2.01338314662007	0.70442307957854	-2.85820156236886	0.00426049665409108	0.0376981197192809	"ENSG00000108309"
467.342362294345	-0.832422827549556	0.299442168798944	-2.77991183034904	0.00543736593143903	0.0448774508315796	"ENSG00000141295"
36.9924556997016	-2.59129029198124	0.72037610796129	-3.59713525107704	0.000321741206875633	0.00583745447002371	"ENSG00000183691"
266.349318551721	-0.627097111499622	0.228667068569819	-2.74240237311718	0.0060991577352601	0.0486310698742232	"ENSG00000121057"
375.3810948381	2.02623155017797	0.591027725266373	3.42831894944481	0.000607331477712186	0.00929350640345296	"ENSG00000159640"
72.8423133052084	-1.82087953777446	0.597735791752885	-3.04629497329355	0.00231680424730871	0.0246153546161364	"ENSG00000154258"
211.344777424638	-0.949099508895334	0.288056694376646	-3.29483579942199	0.000984792051697099	0.0131518354739013	"ENSG00000108984"
178.75946277401	1.29209651118115	0.379034675992616	3.40891373011561	0.000652221018578048	0.00984517906092067	"ENSG00000125454"
3137.91006182904	0.883674055572788	0.296311985098907	2.98224202871114	0.00286145687396779	0.0285632881505387	"ENSG00000177885"
630.310991310697	-0.639404713858051	0.159714555389353	-4.00342168125697	6.2432875673669e-05	0.00157353446833636	"ENSG00000177728"
1480.93874922301	0.907321613361201	0.325266977552102	2.7894673482981	0.00527948196834128	0.0438252079935335	"ENSG00000141526"
879.732494699771	2.29076337682792	0.278749179177865	8.21800940754064	2.06908740229027e-16	1.18203249546223e-13	"ENSG00000141574"
166.528626635277	-2.70201124559739	0.573180387662886	-4.71406786372211	2.4281973246658e-06	0.000109736787816539	"ENSG00000101605"
497.003053731219	1.6499936115608	0.338708050367225	4.87143311111704	1.10791671824468e-06	5.718392447893e-05	"ENSG00000177426"
246.218056749549	0.985470047604169	0.286751961855242	3.43666366300801	0.000588926426346086	0.00907887042464903	"ENSG00000158201"
66.3681672477609	1.81452011299696	0.615151506695601	2.94971253950753	0.00318069716084416	0.0306319598867119	"ENSG00000150636"
2008.2500671709	1.13281595183632	0.250746336191954	4.51777668635251	6.24923401779204e-06	0.000238005015241721	"ENSG00000133313"
9915.57581539334	-1.00434200116021	0.345513628898286	-2.90680863838188	0.00365136493548604	0.0338686139727848	"ENSG00000172270"
1028.13292377669	1.42549691601657	0.190651297471032	7.47698512900582	7.60470163272243e-14	2.87174156571281e-11	"ENSG00000064932"
312.799625443021	-1.13897576118841	0.351899433214579	-3.23665130910821	0.00120941091280468	0.0153887350869722	"ENSG00000176533"
265.085040689561	0.474155849444623	0.167823966058097	2.82531667306969	0.00472339085751291	0.040649109576229	"ENSG00000011132"
241.448177919689	1.00029842914011	0.230402084280266	4.34153376808575	1.41491527275117e-05	0.000462233317843051	"ENSG00000127666"
2.65596228856448	-3.23998888570076	1.11135498239439	-2.91535012397234	0.00355289709375624	0.0332459249260349	"ENSG00000171119"
176.076760565502	1.79875670837923	0.46444657715675	3.87290335820938	0.000107546480699571	0.00246516007200251	"ENSG00000267534"
418.500924076551	-0.671203811245116	0.233295206546183	-2.87705787522147	0.00401401967685651	0.0362514626673543	"ENSG00000267100"
665.660946594074	-1.35068538066321	0.437084507224582	-3.09021564099777	0.00200011222914721	0.0222146064134595	"ENSG00000105514"
8996.55200186666	-2.07361117274085	0.695640153664393	-2.98086756754592	0.00287433064276684	0.0286532826491477	"ENSG00000167815"
980.761228094719	-1.28944648734079	0.353679348232293	-3.6458065583572	0.000266554438349299	0.00501239450267237	"ENSG00000008441"
5025.53141054172	-1.83346832541842	0.645446210683654	-2.8406214105377	0.00450257301557244	0.0392785147952052	"ENSG00000132002"
1056.87785584141	-0.960647464639395	0.337795156840867	-2.84387577851494	0.00445684200663364	0.0390017438758042	"ENSG00000105647"
9212.62599536487	-1.10211348803617	0.390020825722751	-2.82578112590226	0.00471654799987971	0.0406359974622273	"ENSG00000105701"
576.662330995067	-1.63160660928759	0.322348319116061	-5.06162592614647	4.15696032875063e-07	2.4182004210069e-05	"ENSG00000130881"
499.885665682787	-2.23858115143866	0.541785967964502	-4.13185516754714	3.59847140548807e-05	0.00100398978903898	"ENSG00000266964"
366.713588109354	0.586100498392871	0.180083770399652	3.25459921842021	0.00113552487724928	0.0147166371654202	"ENSG00000167565"
11.9330331413254	-1.1978375478426	0.407705704625112	-2.93799555476914	0.00330341760169518	0.0314405993969054	"ENSG00000160460"
348.421107672017	-1.05038825882136	0.321950127128734	-3.26258066175993	0.00110402749238272	0.0143594468945049	"ENSG00000142046"
1077.02237671945	2.13579143293184	0.324200258988919	6.58787701031677	4.46159978224019e-11	9.03676755893739e-09	"ENSG00000069399"
230.997526375011	-0.465506679887584	0.163709605739072	-2.84349032413852	0.00446223642552192	0.0390182996705763	"ENSG00000104884"
180.853632387354	1.41620327404253	0.515700045455931	2.7461763606991	0.0060294342022161	0.0482874888660585	"ENSG00000105499"
887.390060156351	-0.770221360112218	0.280711676375802	-2.74381660947044	0.00607294542034667	0.0484791200162392	"ENSG00000183207"
873.0086557631	4.84087270567359	0.728022839255607	6.64934181271471	2.94406569047245e-11	6.24702700797391e-09	"ENSG00000104951"
800.047176826019	1.89562408095137	0.378359276723089	5.01011656795909	5.4397076384621e-07	3.07605802499837e-05	"ENSG00000169136"
937.426408832338	2.63422789890103	0.697427310388356	3.77706444766865	0.000158687679890879	0.00336288788460876	"ENSG00000187474"
461.317142382812	1.4899936610601	0.428223221156369	3.47947889662904	0.000502389935397423	0.00817622188506543	"ENSG00000130844"
911.03388237294	1.61001344164348	0.345123122823117	4.66504077870393	3.08555842510794e-06	0.000134270003342588	"ENSG00000104972"
38.833284692777	2.07353532985732	0.341401219254835	6.07360259106034	1.25072031351897e-09	1.68885142940621e-07	"ENSG00000131037"
8.65124928949333	-3.47952176821664	1.08786809913192	-3.19847761966103	0.00138155256125416	0.0169873019121096	"ENSG00000129991"
152.381601924281	8.92724872904755	1.30008287563726	6.866676652957	6.57147879425298e-12	1.60892909380172e-09	"ENSG00000095752"
445.149467457932	-0.622125207563358	0.166310822809971	-3.74073795710943	0.000183480740330723	0.00376769667702166	"ENSG00000213015"
66.7019606878329	-1.28074417000842	0.430735174127796	-2.97339118543504	0.00294528817621979	0.0291131413337076	"ENSG00000183647"
47.1803206601392	1.6196063215629	0.293853873655897	5.51160446317429	3.55577286441147e-08	2.86002236169991e-06	"ENSG00000268895"
1711.0475549383	-1.79064713559956	0.454625006182719	-3.93873436623036	8.19125566171365e-05	0.00196645779012346	"ENSG00000101220"
341.022250428067	1.79679915652569	0.571042222578816	3.1465259230944	0.00165222614426193	0.0194051652578576	"ENSG00000125845"
3335.57073748421	-1.31567227956543	0.457357908345995	-2.87667985084914	0.00401883103851784	0.0362696777474094	"ENSG00000171552"
613.308443819425	1.04409104090181	0.341020220436452	3.06166901061038	0.00220106692921125	0.0237365785008841	"ENSG00000197122"
28.1925664138047	-2.69918834679356	0.94983455217793	-2.84174579731221	0.00448672506863786	0.0391555951935964	"ENSG00000053438"
1021.85455899885	1.92229446754962	0.498101460725286	3.85924278308795	0.000113738899847003	0.0025793896729137	"ENSG00000124145"
1658.62159698917	1.35761332350154	0.316821212642111	4.28510866485171	1.82649890809936e-05	0.000572354369514116	"ENSG00000196562"
496.397465785863	1.91612906781037	0.491405274913759	3.89928469560416	9.64772830558111e-05	0.00225374569097257	"ENSG00000224397"
1137.24727093789	1.40857510715513	0.284305064776253	4.95444957431088	7.25353235670814e-07	3.98050987456792e-05	"ENSG00000196396"
456.4209464386	0.618548205899958	0.2008969158576	3.07893330895332	0.0020774318078587	0.0227669358972414	"ENSG00000124209"
31.4362897507126	-1.15832725094579	0.40167716993443	-2.8837268773201	0.00392999440863526	0.0357809411371045	"ENSG00000124215"
213.489867031289	0.995218485391649	0.263092511533743	3.78277009706529	0.000155092653027784	0.00330034795554826	"ENSG00000026036"
116.225582708331	2.24134541391726	0.47093333704632	4.75936876326258	1.94199345806159e-06	9.07077866784325e-05	"ENSG00000243509"
252.872788249366	1.4936163586923	0.539170439555593	2.77021188313551	0.00560198374168511	0.0457187537599796	"ENSG00000154736"
201.524735223534	1.56901474384012	0.3315871951056	4.73183152727125	2.22503050769405e-06	0.000101794003514217	"ENSG00000156265"
364.984658485523	0.915516369725104	0.214028904803252	4.27753611395013	1.88973307703699e-05	0.000587214127704104	"ENSG00000156273"
801.207674736633	0.662513853568352	0.210731424578497	3.14387782882172	0.00166725030082325	0.0195203396183664	"ENSG00000159110"
1110.33587662086	0.771802623460719	0.229302890630784	3.36586521581819	0.000763039826135786	0.0109187715647433	"ENSG00000142166"
1879.91972015851	0.698435154743312	0.204666540694708	3.412551716429	0.000643577141196353	0.0097347010551535	"ENSG00000159128"
635.696713357906	0.566210649141605	0.15744035874995	3.59635009496436	0.000322713413027764	0.00585032940785889	"ENSG00000157538"
454.790086777913	-1.23534596966457	0.362764144274871	-3.40536954702043	0.000660745737920454	0.00994467594881544	"ENSG00000243156"
329.954367629085	-2.02802450056539	0.478182889668699	-4.24110637243937	2.22420687575908e-05	0.000676985371474212	"ENSG00000184702"
127.11076052049	-2.35392723440431	0.75489895015517	-3.1182017592162	0.0018195819501264	0.0207203020535962	"ENSG00000128266"
750.427606406132	1.47799747580746	0.246852504961736	5.98737078255113	2.13260246880176e-09	2.59641437185264e-07	"ENSG00000182541"
1263.92225295204	1.23723962032026	0.244111106403648	5.0683462893099	4.01286850642089e-07	2.34663281687815e-05	"ENSG00000128335"
1189.75713549052	1.82742345546898	0.302841603295417	6.03425498869242	1.59697727704408e-09	2.06523873333251e-07	"ENSG00000100368"
304.787159902463	1.61289468513848	0.435754774135333	3.7013815587883	0.000214428744276268	0.00424664215331134	"ENSG00000100379"
763.99882189736	3.22212877374209	0.707168708272323	4.55637917239585	5.20429536343458e-06	0.000203067777053104	"ENSG00000100079"
648.71887688596	1.33195912242045	0.301072966767861	4.42404091180806	9.68716631376483e-06	0.000339355448853271	"ENSG00000239713"
544.37348818116	0.44901714017872	0.150237423525188	2.98871698970157	0.00280151493664137	0.0282884903834716	"ENSG00000198911"
672.632004854919	0.941289522573174	0.315745923163574	2.98116128671449	0.00287157511423108	0.0286386273702187	"ENSG00000198951"
108.704219521029	0.868769138767549	0.231507219168205	3.75266543258995	0.00017496429519558	0.00363235949427268	"ENSG00000226328"
3919.48852304042	1.35013096091331	0.488389670872536	2.7644543720616	0.00570180808545295	0.0463805345541774	"ENSG00000077942"
391.579858936845	-3.53748689813844	0.828312579309301	-4.27071492876303	1.94847339514696e-05	0.000603782854574051	"ENSG00000100427"
73.8131655689414	1.85071071415762	0.526955925766616	3.51207875965187	0.000444616216304887	0.00745937447234403	"ENSG00000146938"
96.7137159064502	1.6878158197078	0.504195760565047	3.34754068105665	0.000815320202662061	0.0114535524056184	"ENSG00000101871"
82.9158673092697	-1.50608409908914	0.329631326453581	-4.5689956573385	4.90066935591431e-06	0.000193593817818743	"ENSG00000047648"
584.401043725748	0.724871319708084	0.20115650226927	3.60351920783433	0.000313937536010849	0.00573321991993584	"ENSG00000123130"
9785.87550555319	1.78916740727715	0.347541315711127	5.14807111095905	2.63178726620254e-07	1.6242720302214e-05	"ENSG00000130066"
634.36643257709	3.2364491118781	0.38474766599321	8.41187458154773	4.03509223338628e-17	2.72429863514686e-14	"ENSG00000198814"
77.7886044791331	3.1344805226038	0.884199593336267	3.54499204277709	0.000392624938717302	0.00679695698105788	"ENSG00000124479"
34.0674606478375	-1.7609137636507	0.632474245692666	-2.78416674772615	0.0053665436931465	0.0443660829251592	"ENSG00000130988"
875.451431733481	-0.446635148366534	0.14431585058051	-3.09484472128284	0.00196915958842639	0.0219914163559599	"ENSG00000101940"
443.266931406313	0.946011729714281	0.317992823192613	2.97494679350442	0.00293039369674802	0.0290328812320714	"ENSG00000204272"
23.0013900175762	-1.56728464954182	0.51439782888549	-3.04683371805349	0.00231265605145208	0.024583004211046	"ENSG00000158813"
438.651460053341	-1.20034959606245	0.411442092039445	-2.9174205053074	0.00352939601263543	0.0330537802276239	"ENSG00000184481"
42.0735221014384	-1.37614319074822	0.445348263436678	-3.09003829975388	0.00200130686584442	0.0222167996866037	"ENSG00000067177"
212.650933273571	-1.47810120837779	0.426536785305577	-3.46535459378694	0.000529532787354943	0.00842796068089199	"ENSG00000198157"
411.186361538764	0.542909637964116	0.129068320860888	4.20637406873274	2.59500576204882e-05	0.000765784481833744	"ENSG00000126945"
566.912644173929	1.3863922760479	0.280904181843142	4.93546328485086	7.99607224458065e-07	4.33461045277997e-05	"ENSG00000068366"
174.293106711585	-1.18246168283068	0.34358100655143	-3.4415804723876	0.000578326422599086	0.00894799492743585	"ENSG00000085185"
1644.78171590096	-2.00927331835145	0.629968447853595	-3.18948246566534	0.00142527785236304	0.0174001044113142	"ENSG00000022267"
1158.68583365237	-1.50324359783405	0.451692595531904	-3.32802355563047	0.000874644706615326	0.012058839148137	"ENSG00000130821"
702.441776262238	-0.999866642929375	0.353117875868992	-2.83153788368485	0.004632474557722	0.0400665889542105	"ENSG00000102125"
