"baseMean"	"log2FoldChange"	"lfcSE"	"stat"	"pvalue"	"padj"
"ENSG00000197530"	1624.16703765074	0.505387339388857	0.157839737136617	3.20190180595285	0.00136523527248249	0.0201528130577618
"ENSG00000171680"	1344.57673483652	1.6369095761526	0.262107344696169	6.24518774187759	4.23291372009798e-10	7.24077241061466e-08
"ENSG00000116285"	2001.63625077877	-0.837390784560383	0.185541953964135	-4.51321529535175	6.38521453424135e-06	0.000283917490299294
"ENSG00000171729"	122.206831726988	1.22175286272033	0.392503080423206	3.11272171775826	0.00185370716548554	0.0247501397485397
"ENSG00000142661"	5.37027293771963	4.43143473622419	1.29501236258448	3.42192465821738	0.000621795409962884	0.011551479937794
"ENSG00000117643"	37.7411670959741	-1.23945381459356	0.407332092122572	-3.0428582440801	0.0023434269634581	0.0294498081665349
"ENSG00000158246"	87.2886994068511	1.57400453006504	0.243358249730256	6.46784948449335	9.9407438316906e-11	2.0074779904553e-08
"ENSG00000092847"	303.495422136472	-0.546297028435147	0.154596482821986	-3.53369635882464	0.000409791565957805	0.00824327981015256
"ENSG00000164002"	398.945042318368	0.500209390272979	0.149373549159933	3.34871463579812	0.000811873688701373	0.0140126908211752
"ENSG00000117408"	1399.09740417491	0.516439616615755	0.17076247709696	3.02431556039396	0.00249196365207363	0.0307581931249156
"ENSG00000162599"	135.634249536879	-0.785240392530129	0.218993829052867	-3.5856736051707	0.00033620925285442	0.00706428112211455
"ENSG00000172380"	3519.84070680737	-0.948723949955121	0.25139532159206	-3.77383295737945	0.000160758421195198	0.00401619835769448
"ENSG00000077254"	3269.10599640468	-0.48650354592334	0.125033315450826	-3.89099132634515	9.98355021082056e-05	0.00274406087080021
"ENSG00000162645"	318.312436393272	-1.33859808481563	0.410876717525287	-3.25790687989822	0.00112237229929529	0.0174258795551896
"ENSG00000156875"	2778.26061086142	-0.508030105447757	0.120861323260873	-4.20341339761106	2.62919772189116e-05	0.000943914441390061
"ENSG00000134245"	169.980389191367	-0.974447374639907	0.313905069341878	-3.10427409370259	0.00190746531606768	0.0252821747453273
"ENSG00000134262"	713.488545509145	0.483720659998049	0.119654580964372	4.04264221310574	5.28522369061398e-05	0.00166696643083573
"ENSG00000163349"	809.308143743127	-0.380034308993642	0.107785612822561	-3.52583521159973	0.000422149554956603	0.00844299109913205
"ENSG00000014914"	295.999833338217	0.519170751995421	0.142959279834314	3.63159882028733	0.000281670758925608	0.006186545067641
"ENSG00000143409"	167.491788240668	-0.591708940627125	0.158604433040092	-3.73072132528321	0.000190932327146878	0.00456604611301909
"ENSG00000169231"	7878.83947637027	0.877880036875361	0.24158110769144	3.6338935824263	0.00027917604686556	0.00615033291125036
"ENSG00000160753"	618.595931596535	0.517707447804916	0.149057825608755	3.47319871124236	0.000514294428531532	0.00993073172755442
"ENSG00000158859"	44.4741179687848	2.23720296689816	0.464082314899438	4.82070291211795	1.43053264850428e-06	8.12497840205163e-05
"ENSG00000152332"	1172.62171729728	-0.899341256848849	0.280267959018973	-3.20886219030114	0.00133261348260627	0.0197918284342137
"ENSG00000185630"	262.14859202944	-0.68308373438888	0.157546752427682	-4.33575255511809	1.45262281780339e-05	0.000577080212318613
"ENSG00000117479"	804.152086321265	0.651487899436713	0.190053620208711	3.42791628342185	0.000608232992363023	0.0113818632032926
"ENSG00000000457"	995.830229020636	-0.916313296123009	0.163725148607244	-5.59665576069275	2.18525994488405e-08	2.23758307032494e-06
"ENSG00000116199"	810.876320533516	-0.623520701430111	0.191292577663628	-3.25951330179951	0.00111603547009802	0.017392449876983
"ENSG00000143322"	1185.22358494928	-0.930378482795571	0.270344720372924	-3.44145238535516	0.000578600293338866	0.0109116060507745
"ENSG00000116679"	7614.68544338603	1.09896366550188	0.162112504595269	6.77901848623927	1.20995046937027e-11	3.01897587084063e-09
"ENSG00000177888"	870.149838881247	-0.724919192732734	0.204180518896708	-3.55038373224755	0.000384670007083462	0.00787778526943566
"ENSG00000188783"	26.9118138354787	2.551697019741	0.733135613334974	3.48052525798541	0.00050043163691475	0.00972764171221987
"ENSG00000058668"	7222.338998492	-1.47932671201549	0.472901709624348	-3.12819066184091	0.00175886045379244	0.0238117607059052
"ENSG00000158711"	256.855005040595	-0.80517519932332	0.212553508711829	-3.78810589485465	0.000151800151098624	0.00381864047919376
"ENSG00000276600"	71.0056718562852	-1.27318965508603	0.389712401351528	-3.26699804951188	0.00108694429235296	0.0170767337151041
"ENSG00000266094"	25.0954176478359	-1.68527013030785	0.520656153423351	-3.23681976910688	0.00120869723344353	0.0184411938869558
"ENSG00000143811"	1143.56357270574	0.499357818622927	0.156187595811296	3.1971669454868	0.00138784577930007	0.0202889012066986
"ENSG00000162910"	973.933428661955	0.489425118514833	0.117152032621272	4.17769207724326	2.94481952826132e-05	0.00104688694232077
"ENSG00000135766"	851.227009866085	-0.511742326055071	0.149334344821661	-3.42682272230282	0.000610687615055142	0.0113838434908997
"ENSG00000168264"	1775.87572002874	0.365552763577453	0.119500556792053	3.05900468910421	0.00222073674002395	0.0283490010535103
"ENSG00000143669"	1406.34186435695	-0.883527892671877	0.145418210778324	-6.07577199542587	1.23392631967647e-09	1.90864773277616e-07
"ENSG00000162849"	824.581454122419	0.972268726237125	0.233396516977239	4.1657379417189	3.1034703988314e-05	0.00109525387376234
"ENSG00000115738"	702.572487230729	-1.21498281573045	0.271828626668803	-4.46966469506831	7.83423151837864e-06	0.000337011024488833
"ENSG00000134318"	2194.02468107217	-0.436810278801623	0.147927560078372	-2.95286610939977	0.00314838486309113	0.036891691786612
"ENSG00000115129"	3311.85644564115	1.68887396816014	0.275324940753567	6.13411180090577	8.56362809802442e-10	1.36829837961841e-07
"ENSG00000138101"	430.86227997398	0.626151943124223	0.208826753924545	2.99842779412483	0.00271376452979655	0.0328270684386371
"ENSG00000115310"	15067.543922682	0.390667980121022	0.136898825288678	2.85369855655973	0.00432135139531306	0.0462683720823651
"ENSG00000115355"	1573.09060993637	-0.541555727462763	0.169514426616633	-3.19474712726088	0.00139953407424896	0.0203695950346145
"ENSG00000179833"	185.218210208138	-0.766071799808248	0.20610721267913	-3.7168607049229	0.000201713581397366	0.00475707112488474
"ENSG00000196975"	5439.76380541306	0.39876792706428	0.129273929414849	3.08467398546079	0.00203775385077006	0.0265254619428797
"ENSG00000003137"	213.517650442475	-2.60872802142049	0.444522938748734	-5.8686015816499	4.39486104736868e-09	5.67289385488905e-07
"ENSG00000135637"	222.750044747753	0.553224089862692	0.149803285587284	3.69300371279474	0.000221620786185098	0.00513115641899891
"ENSG00000115486"	1231.28013178047	0.577374694057747	0.14920338503226	3.86971578381354	0.000108962304001421	0.00291747315112042
"ENSG00000168874"	100.572222863455	-0.958686457942798	0.330249677560395	-2.90291413764507	0.00369707983510443	0.0412552116672436
"ENSG00000115594"	1104.36338869172	-1.28473472425414	0.285022323387195	-4.50748807667555	6.55996158290578e-06	0.000289914411597112
"ENSG00000115107"	69.7141910809279	-1.02465748308336	0.345077166198596	-2.96935753347891	0.00298423154857499	0.0355079596696238
"ENSG00000169967"	561.555324774459	-0.577003800534315	0.180274375351328	-3.2006978219163	0.00137095225036585	0.0201890733410935
"ENSG00000176771"	83.0295658727485	-1.64512023166639	0.485610959807861	-3.3877329134361	0.000704728533225544	0.0126114359102755
"ENSG00000157827"	1607.12744809875	-0.481000788045509	0.115842095900333	-4.15221068219749	3.292789048751e-05	0.00113993220878189
"ENSG00000153234"	283.548227870119	-1.33267353462324	0.186168804122696	-7.15841486388303	8.16152486133356e-13	2.96671428709475e-10
"ENSG00000115159"	1082.54396202312	-0.790834131006835	0.216823695451024	-3.64736026365471	0.000264948316523552	0.00590851000345468
"ENSG00000091436"	1330.33453916765	-0.94227484561016	0.319092413691235	-2.95298416753316	0.00314718104003326	0.036891691786612
"ENSG00000163492"	37.1233025957747	-2.1374068235886	0.569461728088496	-3.75338098797826	0.000174465382258838	0.00420684354567746
"ENSG00000115252"	247.706402575854	-2.97643377483733	0.620768384090468	-4.79475735414315	1.62871851075299e-06	9.14346221866735e-05
"ENSG00000144366"	368.207291445163	-1.0824066740969	0.240826691699361	-4.49454612551062	6.97184906064018e-06	0.000305333389583459
"ENSG00000168542"	59399.6066387453	1.06414613169921	0.314930459384394	3.37898764628654	0.000727532773201499	0.0128846851672957
"ENSG00000115415"	17474.6417884424	-0.629101941118986	0.165045143647228	-3.81169616516343	0.000138016461858473	0.00353925812243775
"ENSG00000138443"	886.065765533113	-0.350427538686307	0.116913921514099	-2.99731233156906	0.00272371501237842	0.0328654077012301
"ENSG00000114933"	126.683824128209	-0.723274307029808	0.203869323554703	-3.54773486475877	0.00038855914901521	0.00793490172286678
"ENSG00000138375"	1192.79830133724	0.338454166449906	0.0961195590698359	3.5211789330411	0.000429632599476606	0.00855733972108198
"ENSG00000144591"	1678.37399695547	0.714571961283929	0.11605212834955	6.15733611650473	7.39787324098097e-10	1.23355649526625e-07
"ENSG00000169031"	2191.40518800508	0.802278052111262	0.255121749512241	3.14468701177031	0.00166264605927824	0.0229363128101571
"ENSG00000123977"	927.735160074504	-1.6284269859515	0.28899875091515	-5.63471980690189	1.75343186485824e-08	1.87462494963521e-06
"ENSG00000244474"	7.66077928483499	-2.30962539909487	0.783790485202243	-2.94673824536019	0.00321144922222488	0.0372364208063396
"ENSG00000157020"	4536.1537076995	0.501452693975033	0.126482328876087	3.96460674333644	7.35170443028217e-05	0.00215511658097385
"ENSG00000206560"	1193.04564179052	-0.717496666203736	0.166889799372822	-4.29922421202564	1.71397010582554e-05	0.00066103780739266
"ENSG00000131386"	125.652156053627	-2.39092535031369	0.485764850316825	-4.9219809723867	8.56725454916756e-07	5.27830004851256e-05
"ENSG00000131374"	631.05282538193	-0.657209931271477	0.164086873242083	-4.00525598596709	6.19503558182493e-05	0.00188443132551746
"ENSG00000163820"	501.253085986906	-0.884723992692713	0.281163430964256	-3.14665385060402	0.00165150350240189	0.0228661418421349
"ENSG00000164087"	99.5708297388749	0.674169862532775	0.217998065032179	3.09254975466531	0.00198444964629704	0.0259711051819613
"ENSG00000023330"	1273.84237215553	0.555212297322994	0.18064502591988	3.07349894908949	0.00211564432887924	0.0272466506128469
"ENSG00000163947"	456.875417137404	-0.685336825656924	0.240441188994156	-2.85033038026434	0.00436738379427114	0.0466239062912646
"ENSG00000163637"	686.255124973875	0.594455685391212	0.19078669153574	3.11581316603445	0.00183438454956359	0.0245824436411564
"ENSG00000172986"	1675.75129360162	1.39441538125138	0.303992657322308	4.58700349388028	4.49653159003773e-06	0.000213658723265192
"ENSG00000114439"	3139.23496929666	-0.702809199992028	0.175120914622116	-4.0132796331528	5.98809050199564e-05	0.00183298601892667
"ENSG00000144824"	2343.50244285668	-1.28178811651603	0.270147024019004	-4.74477970346199	2.08733373841618e-06	0.000113245643867803
"ENSG00000176542"	417.025627924799	-0.733775726675591	0.151036946562896	-4.85825318489226	1.18425913944226e-06	6.86021031374124e-05
"ENSG00000176142"	1977.66250708315	0.572993446005605	0.162568912727982	3.52461879944024	0.000424092602392223	0.00847020115217435
"ENSG00000163430"	60774.0506557067	-0.272456610763258	0.0843737454339491	-3.22916340103151	0.00124152935816709	0.0188175172425046
"ENSG00000160145"	74.4002945169856	1.1681787458404	0.355799385952259	3.28325115771038	0.00102617196401605	0.0165596623460946
"ENSG00000173706"	6359.29469344107	-0.903353583440858	0.180871116732457	-4.99446014245101	5.90005744737788e-07	3.86427185967903e-05
"ENSG00000155893"	756.660963302278	-0.908750486438862	0.282472546050685	-3.21712852857496	0.00129480579263892	0.0194999863268266
"ENSG00000152601"	3719.63626578987	-0.936856716785573	0.198878259523293	-4.71070452361762	2.46861923368753e-06	0.000130998991451886
"ENSG00000197415"	2869.12824614884	-1.72573791896935	0.427964827683404	-4.03242931974307	5.52032206862205e-05	0.00171874695669732
"ENSG00000085276"	2007.27645482277	0.877271298063565	0.27219884078819	3.22290607676103	0.0012689715551918	0.0191730148459266
"ENSG00000136603"	4285.17857148871	1.06467840857751	0.184497238127653	5.77070106513392	7.89424090110415e-09	9.40838218869298e-07
"ENSG00000113916"	1203.71678334598	-0.572818474192516	0.175035624129448	-3.27258223599606	0.00106569865675388	0.0168793665241846
"ENSG00000114331"	1460.2342410382	-0.600794326265388	0.147191505888641	-4.08171872852449	4.47038785568812e-05	0.00146725596888725
"ENSG00000013810"	294.768528883953	0.49573117690108	0.174158253706242	2.8464409027507	0.00442109345365145	0.0469559523857503
"ENSG00000132405"	750.013067527636	-0.464343921750629	0.152860478868959	-3.03769767821213	0.00238392989157659	0.0298813281237272
"ENSG00000048342"	593.205455182681	0.390711319316644	0.124750499238977	3.13194192969265	0.00173654218763932	0.0236638457434637
"ENSG00000163694"	25.4070783873427	-1.37735232752351	0.379130443048707	-3.63292463788396	0.00028022688242877	0.00616414352574026
"ENSG00000134852"	1707.52992014399	-0.560283898854605	0.102770602696912	-5.4517915060494	4.98648987444325e-08	4.44807133585306e-06
"ENSG00000047315"	7253.10891066255	-0.488624317595114	0.119021877739772	-4.10533195135298	4.03734697281671e-05	0.00135572805969411
"ENSG00000173542"	240.412277874757	-0.85796165499086	0.218028453231204	-3.93509031631321	8.31654157366335e-05	0.00236638971587211
"ENSG00000156140"	1429.21310674697	-1.38423863576275	0.391177082934908	-3.53864961969945	0.000402179290740797	0.00814441070664512
"ENSG00000138675"	270.084214516671	-1.71067722359934	0.599138688660235	-2.8552274389502	0.00430060189584276	0.0461512775303183
"ENSG00000172493"	1029.51885578641	-0.841872673916488	0.273090611992054	-3.08275948329188	0.0020509084099177	0.0266038701150891
"ENSG00000118762"	5382.89891545005	-0.430695433724954	0.146283467240078	-2.94425229214799	0.00323735978944188	0.0373877770758419
"ENSG00000138640"	641.514490647541	-0.64490959032336	0.187743269474613	-3.43506103908862	0.000592420374142256	0.0111289305426724
"ENSG00000168785"	598.712038665354	-0.984156616559105	0.20579674073798	-4.78217785680159	1.73406144625375e-06	9.59261352016043e-05
"ENSG00000138814"	1345.39164468647	0.680139177918513	0.131222985897435	5.18307957456568	2.18251865274146e-07	1.67984615639007e-05
"ENSG00000145348"	1914.47420470294	-0.495971930187327	0.120025406431783	-4.13222454255311	3.5926919200904e-05	0.00122912330630858
"ENSG00000172399"	880.738129639094	-4.1889846684531	0.299751439615842	-13.9748608841434	2.21946870386884e-44	3.2271074954253e-40
"ENSG00000145390"	15063.3954923663	-2.26391369179859	0.184107036998439	-12.2967254739849	9.43209084942098e-35	6.85713004752905e-31
"ENSG00000164096"	1629.97417316866	0.602812096574132	0.190740198699444	3.16038307962552	0.00157561828623502	0.0221134072218698
"ENSG00000138735"	2061.46081912695	-1.44841130155597	0.458466001195985	-3.1592556433357	0.00158172678773049	0.022156365600772
"ENSG00000164056"	255.198739137815	-1.06414094687976	0.261807293747336	-4.06459625951726	4.81156783830442e-05	0.00155467103042103
"ENSG00000164040"	3032.46805525938	0.317455695166782	0.110864800635199	2.86344893372759	0.00419056356767756	0.0453017057799493
"ENSG00000151466"	451.149252391458	0.38544737264319	0.131286595504767	2.93592328418017	0.00332556555042315	0.0382545277714815
"ENSG00000145391"	1849.72983777137	-0.736888633219189	0.124479036234751	-5.91978099693443	3.22370604320421e-09	4.41290381506523e-07
"ENSG00000109458"	795.056395460324	-0.438506487857226	0.133639244841794	-3.28127032127683	0.00103340650518501	0.0166213833909183
"ENSG00000170390"	610.814721884008	1.56295623997016	0.329899421073601	4.7376750007132	2.16184147014564e-06	0.000116419166577472
"ENSG00000109654"	339.235620443172	-1.01452593510553	0.24151004581714	-4.20076080758015	2.66019525176597e-05	0.000952690614795005
"ENSG00000171509"	3464.83286943329	-2.3642794199698	0.321315065150242	-7.35813435596085	1.86498289755705e-13	7.97554450896457e-11
"ENSG00000205208"	103.748327374578	-1.23187025921446	0.282691946733337	-4.3576418552046	1.31471286535834e-05	0.000530997918397505
"ENSG00000171503"	2622.04688650913	-0.408832208685346	0.105764601837825	-3.86549187139408	0.000110865541592581	0.0029577705958828
"ENSG00000052802"	6657.76803842862	-1.00416061462779	0.151449239680523	-6.63034437641304	3.34904597512492e-11	7.72938547274861e-09
"ENSG00000137628"	210.386797667515	-0.735424974007119	0.23775958119186	-3.09314548049135	0.00198047022614182	0.0259423757550469
"ENSG00000173320"	375.790780703019	-1.35076642473777	0.202340663347466	-6.67570424249421	2.46047731303029e-11	5.86480985761646e-09
"ENSG00000151726"	1281.96107559924	0.564208793343527	0.122770741131723	4.59562912256248	4.31445515275234e-06	0.000207482965105623
"ENSG00000154556"	1341.74593804082	-0.982966256665653	0.18799677042006	-5.22863373912922	1.70767283068283e-07	1.33855965983224e-05
"ENSG00000113360"	1603.50596468464	0.475835014975907	0.142842237314549	3.33119267747174	0.000864747252439733	0.0146202616865974
"ENSG00000145604"	961.397822940534	-0.686557541509579	0.193218556733494	-3.55326917412257	0.00038047493538911	0.0078206916593727
"ENSG00000153071"	16719.0100898473	-1.22809624842137	0.342243168074482	-3.58837330583061	0.000332747622097489	0.00702198900623729
"ENSG00000171522"	10.0211789517591	-2.28992839928425	0.745953591049158	-3.06980008778234	0.00214202095833645	0.0274647131694991
"ENSG00000083720"	1550.16621128905	0.60652595790831	0.126833727031769	4.78205578360391	1.73511510027661e-06	9.59261352016043e-05
"ENSG00000213949"	931.44314387338	0.95350298421111	0.256125395550401	3.72279750768985	0.00019702753509	0.00468101366047157
"ENSG00000152684"	2002.98373406358	0.643127772982436	0.158252839303459	4.0639256509591	4.82542020590462e-05	0.00155568979587258
"ENSG00000134352"	12925.1224566196	-1.14570109038046	0.234557243930342	-4.88452657092403	1.03677661506745e-06	6.20359340867517e-05
"ENSG00000145675"	409.06779491512	-0.729973915985186	0.23507611918249	-3.10526615176298	0.00190107878100046	0.0252666229211578
"ENSG00000145734"	2252.02776159487	-0.445148128263571	0.134957590988374	-3.29842971413086	0.000972272174877228	0.0159165973325606
"ENSG00000171617"	5752.52838531641	-0.574939174362466	0.127431073338366	-4.51176592412306	6.42901151907517e-06	0.000284993376485832
"ENSG00000113161"	7415.10278456437	-0.88252831609264	0.15639473038782	-5.64295429842289	1.67156728960063e-08	1.81377525304426e-06
"ENSG00000164220"	95.7723031617178	-1.24596882237635	0.376473810864436	-3.30957635410398	0.000934372772530308	0.015508881407067
"ENSG00000038427"	39503.655112967	1.04655354220714	0.34541353589274	3.02985677588536	0.00244669734805827	0.0303799995224314
"ENSG00000153113"	11777.4112152693	-0.515839692022487	0.152797217591947	-3.37597568955779	0.000735544181756999	0.0129634089730264
"ENSG00000134986"	532.588114608543	-1.36228864730231	0.351620321082441	-3.87431717003327	0.000106924081547511	0.00289511386536464
"ENSG00000171444"	603.010493830641	-0.847206541247344	0.143834422638866	-5.89015150687869	3.85841715342864e-09	5.05417886584257e-07
"ENSG00000155324"	4610.27570276681	-1.33252888912796	0.234076145886345	-5.69271543703119	1.25034679706406e-08	1.42031581478995e-06
"ENSG00000072682"	10467.3831861948	0.86633377922551	0.154012490503101	5.62508778603297	1.85413659023903e-08	1.96782087752376e-06
"ENSG00000072364"	3595.02216968442	-0.466117049530765	0.136967568958438	-3.40311982665184	0.000666210557696921	0.0121845301998909
"ENSG00000113578"	434.483137457381	-1.14978878338562	0.315795248641754	-3.64093123101409	0.000271653695540386	0.00600280354583163
"ENSG00000156463"	923.735655203896	-1.27257819168598	0.333379681864169	-3.8172038096925	0.000134972670971882	0.00347345599279853
"ENSG00000169302"	84.9616257263874	1.81387114805649	0.497406199973917	3.64665970820549	0.000265671379829496	0.00591131776621271
"ENSG00000113657"	17978.6877507096	1.15579725396968	0.259266398195754	4.45795236873318	8.27462820973848e-06	0.000354905882506187
"ENSG00000113645"	61.0074292044073	-1.73402887255628	0.313261074845253	-5.5354112329879	3.10498960438956e-08	3.00976992318828e-06
"ENSG00000164463"	980.030865013087	-0.575501748263495	0.184019905282127	-3.12738856908536	0.00176366661750036	0.0238546163892607
"ENSG00000197451"	2773.25813028258	0.485217083323993	0.105930962586681	4.58050291884159	4.63859142625123e-06	0.000219690942468055
"ENSG00000170542"	53.0811414326517	-1.55217615364529	0.380778291786992	-4.07632521896386	4.57530167383359e-05	0.0014983082508455
"ENSG00000124570"	7327.12509425055	1.24806504271147	0.314191879508484	3.97230203614404	7.11813854548315e-05	0.00209934552639604
"ENSG00000153162"	1005.68370865392	1.1514776455608	0.188666849777161	6.10323248053827	1.03944479063818e-09	1.62511045762141e-07
"ENSG00000137393"	27.1040317681492	-2.38404924078208	0.811469306087998	-2.93794136499791	0.00330399505452527	0.038036490968169
"ENSG00000112308"	3035.81059388646	0.560586832478497	0.117136378341956	4.78576203578683	1.70339785093574e-06	9.48942710827804e-05
"ENSG00000112473"	7591.00110625668	0.623264065120121	0.206395187247858	3.01976065154876	0.00252974514275885	0.0310662959254338
"ENSG00000030110"	184.476154414717	0.465735059862487	0.162092980797794	2.87325865420093	0.00406261351929693	0.0441153103589077
"ENSG00000272325"	517.834614722403	-0.368238797112073	0.129589596856748	-2.84157683983797	0.0044891032502867	0.0474012790553149
"ENSG00000124496"	105.406731832949	-1.13841787381929	0.277770298502624	-4.0984146971658	4.15989489755232e-05	0.00138726770207364
"ENSG00000170899"	728.681360564741	-0.491187107893977	0.149856449469018	-3.27771750654967	0.00104650070095992	0.0166596459149879
"ENSG00000112144"	421.08679367355	-1.06017327866693	0.16739468336511	-6.33337485608518	2.39855864290858e-10	4.41456236302415e-08
"ENSG00000083097"	3072.615021443	-0.578488237382063	0.129292186494261	-4.47427066606023	7.66725686335382e-06	0.000331791413074895
"ENSG00000112837"	1092.00514470262	-0.506138468523822	0.172650892329648	-2.931571691836	0.00337251514642756	0.0386113151409896
"ENSG00000135596"	3507.80734461529	0.725584544611903	0.250987142142322	2.890923170082	0.00384112012212507	0.0423738987785114
"ENSG00000009413"	3378.42940764612	-0.700915881838132	0.172441956551286	-4.06464816252343	4.81049728171872e-05	0.00155467103042103
"ENSG00000056972"	339.698381877589	-1.06210906166021	0.294811754830864	-3.60266863263151	0.00031496693892522	0.00674465286004815
"ENSG00000079819"	7379.97468685827	-1.13617637234364	0.175003730313876	-6.49229802305278	8.45368151391842e-11	1.75595041731963e-08
"ENSG00000010818"	1772.89040107077	-0.683762391547872	0.203592670689675	-3.35848235219671	0.000783717253487582	0.0136306804613749
"ENSG00000112419"	837.972979543043	-1.0400537016035	0.20668692644579	-5.03202461562702	4.85326930243199e-07	3.25191408559268e-05
"ENSG00000152818"	4368.74181059727	-0.638710528007901	0.179344114047962	-3.56136877643552	0.000368926481093384	0.00763042821493286
"ENSG00000111961"	1577.40758548781	-1.25213538328101	0.139806701678562	-8.95618999838698	3.36090630688548e-19	4.44250706382862e-16
"ENSG00000197461"	202.538743708659	1.81582555140963	0.201156329679033	9.02693718018707	1.7654370321531e-19	2.56694544475061e-16
"ENSG00000198517"	622.782453394134	0.481367324859324	0.147572811905982	3.26189708417294	0.00110669314194715	0.0173024927783995
"ENSG00000122644"	319.454289588956	1.11092766557483	0.269120314255748	4.12799631513177	3.65937977510765e-05	0.00124607451826851
"ENSG00000136261"	2875.07691939696	-0.289640454197429	0.0867093865219721	-3.34035870642486	0.000836702436779084	0.0143462894230753
"ENSG00000071189"	2525.13747353739	-0.425652191440823	0.150461431167931	-2.82897874981496	0.00466967994755397	0.0487766856590767
"ENSG00000048052"	585.565983130805	-1.5587734230436	0.341625774336056	-4.56280977649608	5.04735421223222e-06	0.000235975981497931
"ENSG00000183742"	28.9855173620296	-2.89486929121794	0.621124014722357	-4.6606945192933	3.15144164272546e-06	0.000162489225124923
"ENSG00000105855"	367.31649117338	-2.78701034370088	0.374143226886845	-7.44904663086091	9.4017139650114e-14	4.87721054638598e-11
"ENSG00000169193"	255.709148361855	-0.579498347427645	0.150697251544343	-3.84544735546903	0.000120332698529958	0.0031639013320535
"ENSG00000146592"	88.2312419666839	-1.52605160280857	0.294434609916483	-5.18298987758753	2.18356893781102e-07	1.67984615639007e-05
"ENSG00000176532"	66.9130580333954	1.52576011619373	0.45718153890277	3.33731786251811	0.000845911446929547	0.0144191705021754
"ENSG00000106070"	1745.40605047037	0.488901424075903	0.154209169423321	3.17037842758763	0.00152240524001273	0.0216804820663908
"ENSG00000169902"	2539.9950507197	0.64806480510965	0.166759191086573	3.88623140282091	0.000101812460873384	0.00278261876146428
"ENSG00000049540"	533.361387619229	3.77836813694282	1.25155612363151	3.01893623913527	0.00253663911379329	0.0310860112194101
"ENSG00000186088"	219.360593081506	-1.17877537697401	0.286468624352988	-4.11484985357947	3.87431522440007e-05	0.00130701956758183
"ENSG00000001629"	5647.16377290241	-0.528281876232537	0.170237230654447	-3.10320999819869	0.00191433750127925	0.0253365517533061
"ENSG00000105810"	687.74259353789	-1.44725696616778	0.196090578378474	-7.38055330416961	1.57633049578887e-13	6.94540769962731e-11
"ENSG00000164692"	218114.740840142	0.829129755998685	0.26102619182935	3.17642360020615	0.00149103057315334	0.0213591965848764
"ENSG00000158528"	132.603727250959	-1.16023343236718	0.341819040326335	-3.39429141003821	0.000688064338278316	0.0124743833897341
"ENSG00000198556"	265.452384774624	0.726310333733767	0.227801435722148	3.18834835887363	0.00143088038660107	0.0206603781739618
"ENSG00000106397"	2636.64745208107	0.729013289981677	0.256848767136135	2.838297797222	0.0045354845613563	0.0477523139189867
"ENSG00000161048"	196.984007239726	-0.648336418807437	0.186030944130378	-3.48509986786422	0.000491953392687595	0.00958847497275823
"ENSG00000128512"	89.6170847392027	-0.670357399580278	0.210233955656833	-3.18862572644786	0.00142950830709664	0.0206603781739618
"ENSG00000106025"	120.330448339603	1.05865706850022	0.328303211485165	3.22463208237016	0.0012613465622601	0.0190842653644764
"ENSG00000106034"	910.587034658651	-1.31115646899629	0.418508648761398	-3.13292562262869	0.00173073293393094	0.0236068075603714
"ENSG00000106299"	568.724290899306	-0.515071339185233	0.138784825812463	-3.7112943448244	0.000206202159051317	0.0048360746490295
"ENSG00000128585"	1670.47832726032	-0.517608335301671	0.171314906133672	-3.02138527804345	0.0025162096917813	0.0309832420688664
"ENSG00000189320"	17.0348860370901	-1.52595454209765	0.526647221756396	-2.89748901932591	0.00376162906107695	0.0417754669097051
"ENSG00000182158"	622.116817896081	0.961010010600298	0.229771863255917	4.18245296435594	2.8838069191723e-05	0.00102770962266581
"ENSG00000261115"	237.22910135745	-1.32464663932973	0.287868384923289	-4.60157040059376	4.1931737824442e-06	0.000205241959875891
"ENSG00000106123"	248.91094768479	-1.1619294119949	0.401767648366935	-2.89204324120621	0.00382745264697114	0.0422881166314289
"ENSG00000164896"	2295.68203298058	0.36408289947191	0.127538770055033	2.85468410362441	0.00430796549758013	0.0461930813678577
"ENSG00000082014"	2646.1789702042	1.04382656986081	0.17957091996273	5.81289314593619	6.14022581913221e-09	7.63067379574208e-07
"ENSG00000101871"	673.371437526899	-1.557852618173	0.271244314142317	-5.74335584913174	9.28183823702141e-09	1.08837038682493e-06
"ENSG00000169933"	44.1929423685578	-1.75871995966702	0.601313515544137	-2.92479698893103	0.00344681003533906	0.0392455895957948
"ENSG00000157625"	1114.194924852	-0.610168174923119	0.191805215601035	-3.18118656477152	0.00146673140934529	0.0211294035145304
"ENSG00000189221"	263.370011558432	-2.20545951212665	0.388228697475044	-5.68082557129467	1.34046129117539e-08	1.49925439797616e-06
"ENSG00000126767"	746.004202406754	-0.452256376682061	0.131018775933801	-3.4518440083013	0.000556769511699676	0.0105684447782158
"ENSG00000068438"	823.222312991694	0.626026557239485	0.197681178586851	3.16684957928071	0.00154100005587155	0.021873101049806
"ENSG00000181191"	1358.48501570079	0.351086256012657	0.12052862499385	2.91288692649211	0.0035810424598287	0.0403005861965242
"ENSG00000184867"	2700.25646937925	0.696357474280638	0.15161984839855	4.59278571793704	4.37368095019195e-06	0.000209188555972996
"ENSG00000101972"	4247.28799106922	-0.523945728115184	0.169079530746906	-3.09881229147409	0.00194298078571203	0.0255896201306638
"ENSG00000102034"	350.169220026734	0.730687660097979	0.217460838628635	3.36008848630349	0.000779175124312321	0.0135841802248215
"ENSG00000101928"	1575.48232548698	-0.553851747705241	0.175728103986936	-3.15175396046164	0.00162292962131236	0.0226094899886629
"ENSG00000101974"	993.940080702554	-0.867802660541288	0.292833933354172	-2.96346345726167	0.00304198178355327	0.0359304753313278
"ENSG00000147383"	1329.59607297852	-0.559172654862784	0.19319631556856	-2.89432359627143	0.00379976347211881	0.0420460889532781
"ENSG00000126903"	2348.08378565584	0.703932038125156	0.116142544653386	6.06093176472033	1.35335241304209e-09	2.04976500891999e-07
"ENSG00000164741"	3905.28909036141	0.606001609979816	0.159827014412491	3.79160939849513	0.00014967419043421	0.00377823390436357
"ENSG00000147408"	88.4565436905012	-1.73449189213092	0.549076644489594	-3.15892491428633	0.00158352282451612	0.0221601750418328
"ENSG00000147459"	2772.49978656482	-0.706179574024946	0.125928387974679	-5.60778697625304	2.04930038390545e-08	2.12834482728466e-06
"ENSG00000133878"	88.4995943656731	2.371066464253	0.458751254739017	5.16852311521612	2.35951109379082e-07	1.77757986029629e-05
"ENSG00000020181"	1164.47182469417	1.10343688792795	0.297881655417404	3.70427942728385	0.000211992477131811	0.00495557977089475
"ENSG00000147535"	1013.65999920959	0.51797577979608	0.129590648932766	3.99701509377281	6.41462123866677e-05	0.00193102676625704
"ENSG00000029534"	187.401404098986	-1.48286305171399	0.166567572845796	-8.90247138971512	5.46167574217077e-19	6.61773044093025e-16
"ENSG00000181690"	239.760887462848	-0.621135122630368	0.213747829946178	-2.90592481236778	0.0036616942440403	0.0409652756608616
"ENSG00000140396"	673.102637660349	-0.61659345227776	0.14964428201521	-4.12039433765394	3.78224493869068e-05	0.00127892654438517
"ENSG00000079102"	152.392703452982	-2.01128606183843	0.291230712745491	-6.90616055867746	4.97946386305679e-12	1.47757968507848e-09
"ENSG00000164761"	17443.5070307459	-1.17380518440523	0.253005381162975	-4.63944750506754	3.49341856411035e-06	0.000178014819337765
"ENSG00000155792"	1232.17109005282	-0.838754073956798	0.237642606116371	-3.52947683777743	0.000416382150934533	0.00836214982677916
"ENSG00000153317"	2232.30169684421	-0.995814449999371	0.189450295496419	-5.25633621942909	1.46953525911501e-07	1.17401333338089e-05
"ENSG00000179632"	3350.76612071752	0.307525147145471	0.0908049080972312	3.38665776541707	0.000707495845749481	0.0126375793577364
"ENSG00000260428"	68.5632006976166	2.55145287770752	0.554846981436787	4.59848023521817	4.25584080624254e-06	0.000205581147251716
"ENSG00000147853"	1561.91868960405	-0.630343509807887	0.154859065691302	-4.07043337756164	4.69257599222998e-05	0.00152299229747821
"ENSG00000197646"	1470.67056626927	-0.985351194061479	0.313229563435712	-3.14577967434965	0.00165644738509036	0.0228942442768192
"ENSG00000147862"	353.43119488894	-0.903512741769481	0.27615802560649	-3.27172364368269	0.00106894007420129	0.0169122836549366
"ENSG00000137145"	1878.98138558676	-0.51517511675746	0.140333495327193	-3.67107735438578	0.00024153022047152	0.00547870422099205
"ENSG00000147883"	2825.33409289714	1.14180123498168	0.345810886267647	3.30180824353217	0.000960637189736483	0.0157918184150365
"ENSG00000198853"	9022.18591567821	0.804218065025411	0.239013251696362	3.36474257940758	0.000766151028189893	0.0134214890962422
"ENSG00000137075"	426.85350866683	-0.628876704915455	0.162909475308301	-3.86028316477802	0.000113255703841348	0.00300171866487773
"ENSG00000119138"	258.563371437147	-0.792901248579779	0.142560678990001	-5.56185095495646	2.66928224267684e-08	2.64022883051165e-06
"ENSG00000135046"	59585.7409701115	-0.440047891277004	0.142993917106543	-3.07738888605402	0.00208822674466694	0.026989170548851
"ENSG00000156052"	1084.04232904423	-0.475116445063331	0.139225016145539	-3.41257956520305	0.000643511385207908	0.0118890159350991
"ENSG00000106819"	1442.43065125825	-0.541336101925144	0.166957484495321	-3.24235899673197	0.00118544592393455	0.0182202787885924
"ENSG00000119318"	5220.79982614205	-0.445685721249528	0.131030481037338	-3.40138964400602	0.000670441918236587	0.0122296380956613
"ENSG00000119314"	1263.74472328272	-0.830918847754708	0.150286201082664	-5.52890978525479	3.2222698651557e-08	3.10276846618304e-06
"ENSG00000138835"	4709.53734698126	0.814118812541263	0.18782949750374	4.3343501599106	1.46191322210049e-05	0.000579188508156433
"ENSG00000157693"	367.902714550995	0.716975851164765	0.238066365633454	3.01166378231135	0.00259820197927785	0.0316397460458124
"ENSG00000136869"	5125.20753331549	-0.925300342013571	0.216662977728286	-4.27068967534442	1.94869406033648e-05	0.000735948354215387
"ENSG00000106991"	3275.93435800528	1.19550875772645	0.357653010046714	3.34264978664741	0.000829825562326056	0.0142451755327283
"ENSG00000167106"	425.822127794352	0.655137654932539	0.224721283587267	2.91533425083044	0.00355307781981258	0.0401412210567792
"ENSG00000136811"	1524.0743485275	0.565615173849026	0.135635926985038	4.17009848660098	3.04468032751902e-05	0.00107712048569651
"ENSG00000187239"	833.585483415934	-0.617340915181247	0.159077617225898	-3.88075284220906	0.000104133624001306	0.0028300988653813
"ENSG00000160293"	608.873534804329	0.990535050643902	0.19692736154225	5.02995136321564	4.90604269657701e-07	3.2721954499188e-05
"ENSG00000130635"	28124.0177388711	1.15104468090635	0.282775401090331	4.07052620725894	4.69070635845149e-05	0.00152299229747821
"ENSG00000177963"	4728.39553296812	0.316522287481791	0.0998890496043648	3.1687386028344	0.00153102023017072	0.0217818338030159
"ENSG00000185507"	93.9181758564076	1.06516965013315	0.287692841595911	3.70245447966087	0.000213523679949061	0.00498336164760729
"ENSG00000177106"	2392.31818481648	0.728294873650486	0.14811857716137	4.9169718451794	8.78931867071416e-07	5.38930405745104e-05
"ENSG00000177830"	3128.48694815559	0.304963414531008	0.104692051365475	2.91295671976466	0.00358024219334453	0.0403005861965242
"ENSG00000184281"	847.238777978338	0.303704327137295	0.089902105675578	3.37816700571226	0.000729707497265038	0.0129027306554117
"ENSG00000166483"	1206.57537752449	-0.683473468543606	0.219340687879244	-3.1160359491527	0.00183299925267679	0.0245824436411564
"ENSG00000187079"	1981.11478935129	-0.91120229048478	0.166794621589267	-5.46301962139175	4.68102836754895e-08	4.22746288597278e-06
"ENSG00000133818"	1375.20079631581	-1.30097393905752	0.20592122658896	-6.31782337648174	2.6527294154534e-10	4.82133571258656e-08
"ENSG00000011405"	5105.54474240349	-0.769946653987927	0.179719223709559	-4.28416414279768	1.83427461177364e-05	0.000700009261291043
"ENSG00000129170"	6.42839146948341	-3.93727246186083	1.09540444334318	-3.59435502182577	0.000325196162502797	0.00689264169503012
"ENSG00000060749"	1074.94369350235	-0.379298219117107	0.0980108583154742	-3.86996120262751	0.000108852674646502	0.00291747315112042
"ENSG00000110422"	2303.89254376907	-0.523332997264019	0.1424038917187	-3.67499083731359	0.000237857950782938	0.00542077524198107
"ENSG00000134802"	40.8761731863851	-1.6636447431572	0.421773692163106	-3.94440140309616	7.99995597263436e-05	0.00229426745250698
"ENSG00000149480"	1966.89549869653	0.387862727780406	0.131295001834535	2.9541317061651	0.00313550158362979	0.0368554511123501
"ENSG00000168000"	2038.3458626112	0.405618543235996	0.137327629329359	2.95365575898191	0.00314034089057333	0.036882517406249
"ENSG00000173457"	830.821803256097	0.334815296942004	0.109517340736023	3.05718979927599	0.00223422757359773	0.0284214076291435
"ENSG00000168056"	5802.86749252917	1.03401201425289	0.313674692296199	3.29644705055288	0.00097916069849355	0.0159786717801304
"ENSG00000214530"	417.736525107307	0.594256753196327	0.192990219492408	3.07920657720017	0.00207552710366326	0.0268728086262367
"ENSG00000149257"	16720.9840519795	0.820291002470293	0.2180913998405	3.76122581206874	0.000169082698419974	0.00411114119569635
"ENSG00000137501"	346.708408164949	-1.18540853269443	0.386237727982093	-3.06911636749632	0.00214692947014164	0.0274902324812366
"ENSG00000174804"	1019.2938958191	-1.17768914064991	0.228201118158187	-5.16075096456604	2.45961192136296e-07	1.84344109982564e-05
"ENSG00000166002"	157.807000412213	1.31714802355828	0.214291119566152	6.14653573244166	7.91934887013117e-10	1.2794148063523e-07
"ENSG00000170962"	441.118048951097	-1.36154795451761	0.357381837302587	-3.80978497618731	0.000139087704888737	0.00356044934697576
"ENSG00000204381"	754.943033597825	-1.15685271837678	0.339079682706916	-3.41174295416781	0.000645489503383074	0.0118953325465018
"ENSG00000196914"	3485.78798483428	-0.667463869401493	0.167749140243854	-3.97894062783994	6.92230233311469e-05	0.00206674077871638
"ENSG00000165495"	129.57178841905	1.07067658831713	0.261386080934298	4.09614997282989	4.20077850821552e-05	0.0013976960986145
"ENSG00000067064"	5084.62681238973	-0.9696257261956	0.195552524014554	-4.95839023853989	7.10796779706645e-07	4.51309396372691e-05
"ENSG00000173848"	450.651375199859	-0.491236295753198	0.138942120330356	-3.53554627340657	0.000406932968494384	0.00821778522487271
"ENSG00000048740"	1502.50179422976	-1.34193001054807	0.15884813456398	-8.44788019847708	2.96639543287598e-17	2.69571184962605e-14
"ENSG00000165995"	14.3746892919589	-1.86861831995496	0.635045201626787	-2.94249655799011	0.00325577405194865	0.0375705989804233
"ENSG00000120594"	4463.92960179161	0.799949608060702	0.222522158636855	3.59492112138899	0.000324489874830685	0.00688771208764694
"ENSG00000120549"	247.938917773921	-1.58315589348317	0.247451723953207	-6.39783739709384	1.57592975544329e-10	3.10750791957681e-08
"ENSG00000150054"	63.1532360450065	-1.12040233332443	0.393217063479383	-2.84932277203472	0.00438124075801344	0.0467032555876212
"ENSG00000197321"	1077.45343223466	-1.10464312132311	0.265531169203411	-4.1601260019192	3.18072068925311e-05	0.00111440189931904
"ENSG00000170759"	10714.3647330636	-0.304454133486718	0.0879225904845539	-3.46275208463295	0.000534680797708916	0.0102400282117169
"ENSG00000177283"	382.582898180389	1.99171891004341	0.364011303466408	5.4715853356109	4.46027479229889e-08	4.07876701132238e-06
"ENSG00000175395"	1132.42905506059	-0.486753204788618	0.168162312123393	-2.89454395959691	0.00379709738238842	0.0420460889532781
"ENSG00000108091"	759.770872645323	-0.588029534496865	0.127966583883558	-4.59518037171281	4.32375092345281e-06	0.000207482965105623
"ENSG00000072422"	1038.30224854018	-0.613443700431508	0.129032926310019	-4.75416405699137	1.992691817086e-06	0.000109334864228039
"ENSG00000150347"	4089.1684554506	-0.823642228130206	0.160466719950442	-5.13279157438115	2.85475985867073e-07	2.08583961533027e-05
"ENSG00000166228"	1080.60393118808	-0.415067823238654	0.128376926612705	-3.23319644885141	0.00122413352257596	0.0186375931081198
"ENSG00000122863"	133.525201616683	-1.05843278691266	0.291503112008783	-3.63094849869313	0.000282381534652619	0.00619280168001369
"ENSG00000138193"	1142.37419150144	0.753348852803942	0.262836661275979	2.86622440395758	0.0041539967263479	0.045006790164753
"ENSG00000095587"	331.555335578027	1.10012748090005	0.335582936529646	3.27825810297975	0.00104449843449355	0.0166524202165968
"ENSG00000196233"	606.190736431307	-0.489758320245212	0.120311022597764	-4.07076849377816	4.68582992094142e-05	0.00152299229747821
"ENSG00000119986"	176.720827816018	-0.700885175969046	0.193254018998615	-3.62675601573941	0.000287004247063231	0.00625643441124345
"ENSG00000203867"	6.39931092350512	-2.87736198479287	0.89996966172597	-3.19717664623787	0.00138779910407588	0.0202889012066986
"ENSG00000150594"	31.018068641006	-2.58749817991627	0.682895235671743	-3.78901190805794	0.000151247664604952	0.00381133629697747
"ENSG00000107560"	349.054417082368	-0.682450584282147	0.148334100907671	-4.60076664843866	4.20938785482481e-06	0.000205241959875891
"ENSG00000132334"	96.133098007188	1.43836303506441	0.480290266598779	2.9947786476089	0.00274644070519039	0.0330847123889547
"ENSG00000171840"	60.9786339799244	2.18345146073641	0.55864860156704	3.90845238780104	9.28892484671418e-05	0.00257248350279202
"ENSG00000060237"	7255.78179751367	0.632611204025691	0.118697010693854	5.32963046270253	9.84128043601654e-08	8.1766981451246e-06
"ENSG00000110811"	1328.49588584984	0.752161649880854	0.254742818746158	2.95263141698355	0.00315077923710701	0.036891691786612
"ENSG00000059804"	850.587976505817	-0.819661028464583	0.186070765174571	-4.40510376627719	1.05733252688599e-05	0.000443043658239836
"ENSG00000110852"	178.404634125727	-2.17080392418844	0.425782391838565	-5.09838820439408	3.42557746894682e-07	2.42965348285302e-05
"ENSG00000111269"	732.052546765154	-0.442659383807463	0.141463098000655	-3.12915092390677	0.0017531223732599	0.0237783575626856
"ENSG00000123094"	627.440001936582	-0.561179196153645	0.179661436743552	-3.12353728393405	0.00178691224363415	0.024079429121817
"ENSG00000134294"	22966.6686665506	-0.74069026656786	0.162165837631525	-4.56748645328657	4.9360756752017e-06	0.000231647351434559
"ENSG00000179715"	212.926591325134	0.795988951207041	0.232259550164846	3.42715272910021	0.000609945907680589	0.0113838434908997
"ENSG00000111424"	413.608048474614	0.718939059674123	0.224967904499284	3.19574057141299	0.00139472456407093	0.020340316109921
"ENSG00000161813"	1273.8322168925	-0.524079204946865	0.168806400307695	-3.1046169102095	0.00190525615443663	0.0252821747453273
"ENSG00000123358"	934.969943657478	-1.11223856847394	0.245942545997916	-4.52235120182645	6.11564769199462e-06	0.000274449127906178
"ENSG00000123395"	1770.60611154325	0.347394751029631	0.10239160110232	3.3928051450478	0.000691808306958639	0.012495518985315
"ENSG00000094916"	392.622115206032	-0.67500190527233	0.143832393879808	-4.69297553259376	2.69259704806655e-06	0.000141337043606093
"ENSG00000257727"	6551.42140151229	0.467187045174517	0.143197424093474	3.26253805284623	0.00110419347459377	0.0172819947476786
"ENSG00000025423"	400.58219130595	1.6949431242017	0.187509262157205	9.0392501399781	1.57750200459484e-19	2.54854212742323e-16
"ENSG00000182379"	81.1723783328072	1.72222220360971	0.543090829240908	3.1711494852839	0.00151836986175414	0.0216804820663908
"ENSG00000127314"	684.643916351844	-0.464493780896284	0.139095451631729	-3.33938871075443	0.00083962985961801	0.0143795266888644
"ENSG00000153233"	45.5097325049237	-1.78375581438699	0.384638603151887	-4.63748516079812	3.52673921496283e-06	0.000178671735838186
"ENSG00000091039"	6423.89339425389	-0.844080310249797	0.275801507642426	-3.06046300277712	0.00220995062336183	0.0282361002317056
"ENSG00000102189"	2909.58121436101	-1.04065770788436	0.123014008322529	-8.45966830993645	2.68139088421987e-17	2.59916156377046e-14
"ENSG00000120833"	368.594349268468	-1.43273843753703	0.267791126027494	-5.35020879440915	8.78528128441938e-08	7.38369883673166e-06
"ENSG00000139350"	1557.36223425081	-0.475997259741007	0.124393294736508	-3.82655078595089	0.000129951348629014	0.00336208649299975
"ENSG00000198431"	25354.5282574322	-1.51138311223164	0.205742864940706	-7.3459806864613	2.04255870409434e-13	8.48537244500905e-11
"ENSG00000008405"	734.614750977285	0.599950864932681	0.160813403602825	3.73072673975879	0.00019092822344668	0.00456604611301909
"ENSG00000111325"	327.304006721774	0.438421389657722	0.13222641126393	3.31568697559683	0.000914181637359984	0.0152258888971525
"ENSG00000152484"	406.39840647486	-0.537328963515186	0.149841392079385	-3.58598486078207	0.000335808440727424	0.00706428112211455
"ENSG00000139508"	1546.12511080064	1.47379300187685	0.264704554314225	5.56769038483313	2.58137969121385e-08	2.57077128152393e-06
"ENSG00000183722"	1031.42011399398	-0.71730039802441	0.140986510643488	-5.08772360384352	3.6238699574109e-07	2.53322447984397e-05
"ENSG00000179630"	1295.87402129521	-1.65438240640011	0.316177665338131	-5.23244551328715	1.67281971262297e-07	1.32189122943141e-05
"ENSG00000118922"	117.772847973712	-1.08048916261123	0.279622071452989	-3.8641054227112	0.000111497062850513	0.00296917086785067
"ENSG00000152193"	985.91730192232	-0.421609061467485	0.136525939064378	-3.08812423746581	0.00201424244416281	0.0262900225656438
"ENSG00000129538"	144.871056491105	2.44682206642969	0.439149703489996	5.57172655926758	2.52227082943526e-08	2.56011496732983e-06
"ENSG00000100949"	823.658313154047	0.492580685529445	0.159196252342016	3.09417262204884	0.0019736261676823	0.0259155307408953
"ENSG00000151320"	250.311161084803	-1.09966291357806	0.33617383766278	-3.2711139011393	0.00107124755234029	0.0169303689250303
"ENSG00000165410"	1803.43463340948	-0.582276396521419	0.1725759721096	-3.37402935880103	0.000740764667668871	0.0130396104938322
"ENSG00000151327"	5001.65386063743	0.401939698697245	0.140756460622348	2.85556838329188	0.00429598704609676	0.0461512775303183
"ENSG00000125378"	3398.70285586225	-0.916723904813466	0.113983473580679	-8.04260368644231	8.7949413451316e-16	6.73044458727439e-13
"ENSG00000180008"	897.489250387404	-0.651872809767279	0.205133540935918	-3.17779728655353	0.00148398466427551	0.0213212816388992
"ENSG00000070367"	2116.56879485261	-0.525379546820678	0.173383836523309	-3.03015296786357	0.0024442990682481	0.0303761610703653
"ENSG00000027075"	126.125648510892	-2.17782520885043	0.315777328868985	-6.8967117324436	5.32200210615254e-12	1.54763821246916e-09
"ENSG00000176903"	695.928381091044	0.61348261024266	0.184146394089559	3.33149401744079	0.000863811567508487	0.0146202616865974
"ENSG00000080823"	2380.02034645647	-1.43496135198208	0.469993530852466	-3.05315128354931	0.00226451744263525	0.0287062629606944
"ENSG00000166170"	1033.12244722744	-0.336542497457031	0.0983522651499329	-3.42180728571924	0.000622063878355759	0.011551479937794
"ENSG00000166923"	1464.37374230677	-2.5312436023191	0.518010312357407	-4.88647338080913	1.0265819975553e-06	6.1679761340719e-05
"ENSG00000128829"	6108.1669463705	-0.516962900252817	0.172828445302094	-2.99119105856212	0.00277891566843755	0.0334482068038758
"ENSG00000188549"	857.489287844652	-0.864792013889917	0.189794348814013	-4.5564687215074	5.20207814922355e-06	0.000241585465982156
"ENSG00000187446"	661.817478984666	-0.575307866399232	0.116536725463172	-4.93670869944807	7.94520079614701e-07	4.9794491196542e-05
"ENSG00000103994"	14277.304575615	-1.29247231307937	0.239119828777496	-5.40512394847033	6.47635916178592e-08	5.67266639833538e-06
"ENSG00000067369"	4093.58892309997	0.446206348496923	0.121169619178827	3.68249361119468	0.000230963657912736	0.00528020689630688
"ENSG00000104047"	761.329365420584	-0.450051223171892	0.134979473478848	-3.33421972669361	0.0008553905702454	0.0145126941556221
"ENSG00000138594"	1822.11665280155	-0.440757267157345	0.108995275663595	-4.04381992222955	5.25873156884665e-05	0.00166583784337757
"ENSG00000128989"	928.845546357431	-0.469766597767787	0.143106712721292	-3.28263146315633	0.00102843019934824	0.0165596623460946
"ENSG00000074696"	3116.69416200255	-0.461269790943897	0.145106746115854	-3.17883078003566	0.00147870390928671	0.0212664241751026
"ENSG00000137834"	1208.53649628154	1.17012221088454	0.413526962144637	2.8296152802614	0.00466040070226405	0.0487498030294383
"ENSG00000169018"	772.874284215984	-1.24089140048241	0.1743712926484	-7.11637438499997	1.10803066056884e-12	3.84797594273893e-10
"ENSG00000137831"	24301.8871513944	0.868814684574156	0.181337027364716	4.79115984859917	1.65819950160027e-06	9.27316182817999e-05
"ENSG00000167178"	18.4373770899957	3.99009321741889	0.996185767015218	4.00537063420816	6.19203147542391e-05	0.00188443132551746
"ENSG00000140993"	472.968380327851	0.701984507074634	0.214371768381563	3.27461266179958	0.00105806939569989	0.0168134743316681
"ENSG00000168140"	1630.28209447897	0.887917468559261	0.311654912523435	2.84904050242588	0.00438512976302546	0.0467104664867327
"ENSG00000153048"	997.720921076684	-0.553318468751257	0.142904549949437	-3.87194437788744	0.000107970594455291	0.0029126019357698
"ENSG00000186260"	199.034564365258	-0.514941172839487	0.151570030538071	-3.39738120399828	0.000680341202945761	0.0123806772100518
"ENSG00000179889"	2067.22752011357	0.460416684805366	0.147268984611924	3.12636558212602	0.00176981390498745	0.023893309357955
"ENSG00000140743"	1662.32460337688	0.495572522510427	0.123279285176692	4.01991722940429	5.82185918388021e-05	0.0017896370514507
"ENSG00000121281"	1715.61488142053	0.909547269422302	0.246125075393191	3.69546771278496	0.000219482372219625	0.00509788129724176
"ENSG00000166971"	789.072065198521	0.469536873876032	0.146243324609367	3.21065508549001	0.00132432786119288	0.0197292285878529
"ENSG00000087245"	22154.9908918049	0.758786498166863	0.205829045233272	3.6864889370055	0.000227369321289746	0.00522266971809306
"ENSG00000140931"	498.689284253335	0.601891407001709	0.116416815097549	5.17014149972552	2.3391680853326e-07	1.77757986029629e-05
"ENSG00000159593"	3205.5550829701	-0.300943568171815	0.100392181349606	-2.99767934241621	0.00272043741892568	0.0328531229827071
"ENSG00000196155"	93.8277760744196	-2.57515019358671	0.548080519407173	-4.69848882126316	2.62093532001038e-06	0.000138575998374367
"ENSG00000102901"	2136.37230492917	0.467957869260813	0.160440044379967	2.91671490786028	0.00353738937655508	0.0400261801829656
"ENSG00000103018"	2063.43134684519	-0.367795957029361	0.126955145590136	-2.89705435191071	0.00376684489128171	0.0417772118377087
"ENSG00000258839"	91.8361049613527	0.83043373020305	0.239738791956722	3.463910547914	0.000532383514968875	0.0102230626222527
"ENSG00000205710"	19.1910975259619	1.59432134595713	0.553513351413301	2.88036655644584	0.00397213060710466	0.0432620067620238
"ENSG00000091592"	2446.59231314765	0.594340132786916	0.151497370134409	3.92310528070298	8.74149288683669e-05	0.00245369317711593
"ENSG00000221926"	1126.97669348385	0.795508371168177	0.253291276520302	3.14068602005097	0.00168552628057424	0.0231421644188381
"ENSG00000072310"	1132.85127384242	1.22409493700552	0.308981660063858	3.96170742545861	7.44156935624356e-05	0.00216834505891345
"ENSG00000072210"	1032.54990079398	-1.15687410330436	0.224631636898232	-5.15009425777578	2.60355581821189e-07	1.93141334677556e-05
"ENSG00000034152"	699.416498299513	-1.06051487029084	0.295262483501877	-3.59176979653121	0.00032843991605687	0.0069512611054831
"ENSG00000076382"	169.995511332946	0.594557614021182	0.196122642179738	3.03156029009794	0.00243293328442173	0.0302607784050401
"ENSG00000278259"	864.604416141359	0.457796758781574	0.113974829606925	4.01664788936662	5.90318240802772e-05	0.00181080743064816
"ENSG00000276023"	2551.08343298139	-0.583207835153883	0.125070467559676	-4.66303394025142	3.11581341170679e-06	0.000161799739307917
"ENSG00000276293"	1067.79270898225	-0.375576693377707	0.0986955191816162	-3.80540774790985	0.000141570774111157	0.00361129658873022
"ENSG00000188895"	1734.59702883426	0.354286466176143	0.116006125479073	3.05403240314284	0.00225787691975127	0.0286470596973678
"ENSG00000131759"	729.991179820197	0.823696287700541	0.261036628937586	3.15548163126749	0.00160233355516044	0.0224018556654161
"ENSG00000108840"	1395.07798848014	-0.382927661656829	0.119660721090634	-3.20011160025344	0.00137374384114378	0.0201890733410935
"ENSG00000168591"	1157.48185197412	0.318816229101463	0.110344185993262	2.88928887581745	0.00386114187650374	0.0424988666800638
"ENSG00000153933"	164.52264112795	-0.598611015879675	0.163589971625667	-3.65921584270118	0.000252988193985475	0.00570649965467655
"ENSG00000264364"	523.805278823128	-0.395218077315287	0.110459497996463	-3.57794562245741	0.000346305473572752	0.00724500947589614
"ENSG00000108389"	574.963487389273	-0.631588362843442	0.123906460541908	-5.09729968946877	3.44532667699548e-07	2.43179853803468e-05
"ENSG00000087191"	4879.52627541064	0.254099623782821	0.0850282717459623	2.98841336610947	0.00280429990501368	0.0336701243756391
"ENSG00000258890"	1045.78189010049	0.500226677792166	0.140134732580655	3.56961239073445	0.00035750981282204	0.00743661327386618
"ENSG00000108946"	6422.54868359452	-0.494174952553434	0.152004773905858	-3.25104889705302	0.00114980080733456	0.0177852167432388
"ENSG00000108469"	535.289104871589	0.477386860484996	0.16795202585381	2.84240013216944	0.00447752566518659	0.0473477986704095
"ENSG00000161533"	973.201286595137	0.602494669084949	0.157220826803126	3.83215558228427	0.000127025362312777	0.00329812280004959
"ENSG00000261408"	753.878626648102	0.52181258952412	0.162803099534997	3.20517601332246	0.00134979910789352	0.0200061967673515
"ENSG00000184640"	1683.22847843885	-0.767277828208861	0.208227931866176	-3.68479781426238	0.000228884259318618	0.00524604838944204
"ENSG00000183010"	4293.93378019986	0.823731958326683	0.245542556495409	3.35474212732685	0.000794389993005454	0.0137505124979754
"ENSG00000176105"	1566.40206150562	-0.654728769883586	0.161760492663447	-4.04751963290438	5.17632414543353e-05	0.00164690925764997
"ENSG00000177426"	1658.72688955686	0.522440212192038	0.18060072110245	2.89279139641791	0.00381834804219591	0.0422196049684628
"ENSG00000101745"	2964.77640361904	-0.442663069999338	0.148461558626846	-2.98166794215033	0.00286682758966135	0.0343358098465206
"ENSG00000168461"	484.074269197058	-0.623529891010906	0.194139278178414	-3.21176578413916	0.0013192187911108	0.0196934714812639
"ENSG00000101752"	1276.40884430462	-0.555161310537404	0.183385142499553	-3.02729710253793	0.00246751303059376	0.030482276520674
"ENSG00000166974"	742.43532024485	-0.883447396512488	0.13287264762024	-6.64882812478794	2.95435741718088e-11	6.92844465255e-09
"ENSG00000101665"	604.30250145609	1.18177082588786	0.129496531984291	9.12588783482799	7.11506420800358e-20	1.29316291980465e-16
"ENSG00000176624"	726.347211395904	0.413531159168138	0.110193795834047	3.75276263094629	0.000174896446074615	0.00421025550649819
"ENSG00000081923"	4349.51937223499	-1.39384844217006	0.420282511814773	-3.31645596232744	0.000911669540984268	0.0152014623003569
"ENSG00000088899"	357.830827591617	-0.460830345445935	0.155436605864115	-2.96474786543397	0.00302931096849987	0.0358390410756616
"ENSG00000089057"	248.081531140193	-0.910140721969884	0.232891538728908	-3.90800252743107	9.30623330446082e-05	0.00257248350279202
"ENSG00000132640"	582.718227742142	-1.07324249348463	0.177245328841628	-6.05512427604563	1.40309299507269e-09	2.08173185187315e-07
"ENSG00000125848"	819.341058904181	-1.23924115120382	0.288228750157331	-4.29950568958641	1.71179481551384e-05	0.00066103780739266
"ENSG00000125970"	3367.70337952616	-0.673430615388824	0.131437026837357	-5.12359897049512	2.9975818774428e-07	2.15766537118902e-05
"ENSG00000125965"	49.7138384851431	-3.23700570848925	0.83816361003417	-3.86202129242676	0.000112452762903162	0.00298914656784638
"ENSG00000168734"	698.543458532788	-0.619950880016824	0.186605031833474	-3.32226239520737	0.000892906824390356	0.0149228335938342
"ENSG00000124145"	336.534373503291	-1.67312376244633	0.283548334793739	-5.90066509705801	3.6203913356724e-09	4.87411944635895e-07
"ENSG00000124151"	1704.55972081708	-0.763083515134133	0.260535480505725	-2.92890439971137	0.00340159025535943	0.0388829577931809
"ENSG00000101126"	1740.31003843848	0.378605557824725	0.117822465484008	3.21335626673093	0.00131193444101283	0.019616018158047
"ENSG00000124225"	1232.22744063887	1.703202822922	0.228453233284132	7.45536755351452	8.9617641560133e-14	4.82607595660864e-11
"ENSG00000070404"	3244.08940666237	0.796447819440723	0.231257173611221	3.44399184251761	0.000573192995958099	0.0108377453331999
"ENSG00000099860"	3211.17680335531	0.716895755697165	0.190257344604264	3.76803196317235	0.000164539638402931	0.00406299106925673
"ENSG00000141873"	517.466579560105	0.354118023203568	0.121304512300906	2.91924856286591	0.00350876324020732	0.039795177466938
"ENSG00000011132"	561.159711752367	0.639163759695846	0.158558463424195	4.03109203944463	5.55182958346179e-05	0.00172486329366527
"ENSG00000142303"	2366.58252828412	1.14768663840148	0.233538299881472	4.91434012743936	8.90819822849802e-07	5.41946452896909e-05
"ENSG00000130733"	2015.00266212217	0.511518027217681	0.139923790370859	3.65569018579281	0.000256490970125182	0.00576127616257499
"ENSG00000105223"	5427.83864362865	0.545355797953366	0.170427689748044	3.19992484061485	0.00137463429213773	0.0201890733410935
"ENSG00000176222"	809.752982930692	0.564851945504244	0.175604983020564	3.2166054504165	0.00129716853517367	0.0194999863268266
"ENSG00000117877"	393.845503675741	0.662843654045957	0.166689679665093	3.97651285537125	6.99332200407424e-05	0.00207849219205292
"ENSG00000105486"	205.479265420426	0.633517638230916	0.19168191498787	3.30504647906406	0.000949606507499044	0.0157239965688913
"ENSG00000197497"	141.941665082793	-0.47450502150122	0.163702828826061	-2.89857557687899	0.00374861951787956	0.0416704340901903
"ENSG00000133265"	483.2425702018	0.386896353970385	0.117182879683408	3.30164572688142	0.000961193899402154	0.0157918184150365
"ENSG00000095752"	605.648217195572	3.92774425433929	0.445997950209363	8.80664194195402	1.28950779122458e-18	1.44226486803119e-15
"ENSG00000152433"	186.102114219691	0.47084398264775	0.143619622624031	3.27840983039156	0.00104393710239598	0.0166524202165968
"ENSG00000171606"	824.190077311668	0.436360960944773	0.136542727890727	3.19578323712696	0.00139451835047628	0.020340316109921
"ENSG00000099326"	702.478263000917	0.487698381417444	0.152700472942166	3.19382364717465	0.00140401858158721	0.0203947523259487
"ENSG00000128266"	148.998852873413	-0.955891268623169	0.242874090727331	-3.93574821324324	8.2937893023677e-05	0.00236454306777307
"ENSG00000100104"	816.401987939349	0.520772021138265	0.130803862385076	3.98131990632779	6.85336372115174e-05	0.00205459605166075
"ENSG00000133422"	1175.97849952938	0.590702548920965	0.18690324600545	3.16047239170871	0.00157513531891938	0.0221134072218698
"ENSG00000182541"	3455.17336991691	0.918984906059523	0.263359513946186	3.48946917576445	0.000483980871657191	0.00944574748173901
"ENSG00000183530"	1132.56090290973	-0.311193315103773	0.0954153466641346	-3.26145977542988	0.00110840157240128	0.0173105895410468
"ENSG00000100196"	9003.89582965966	0.650785949748363	0.195765800563863	3.32430867839994	0.000886380281588899	0.0148478908920537
"ENSG00000100359"	1542.69001818225	0.525262319852656	0.123515728084253	4.25259461284447	2.11307893273883e-05	0.000785784339693673
"ENSG00000025770"	506.913337026128	0.519621560291425	0.114839250384912	4.52477318120577	6.04603118955729e-06	0.000273010228248953
"ENSG00000156273"	3108.98923580012	-0.856284358316982	0.196618698761532	-4.35505047948426	1.33036257053869e-05	0.000534350049050624
"ENSG00000198743"	204.140653513982	-0.715706256764395	0.190211519915787	-3.76268617737382	0.000168098083584901	0.00409404712784666
"ENSG00000159200"	5524.65753893667	-1.05432393235256	0.187875307883587	-5.61182810146529	2.00200262169115e-08	2.0941811596683e-06
"ENSG00000157554"	129.674935855361	2.52009811108945	0.5557797681251	4.53434661645006	5.77820736405457e-06	0.00026172939275188
"ENSG00000173276"	369.761340151018	-0.417309627693847	0.136912645496807	-3.04799915434824	0.00230370575686645	0.0290934707786977
"ENSG00000183255"	9186.65393085817	0.453070894047055	0.154814420933749	2.92654192880999	0.00342753300795722	0.0391487273650417
